3.641936600000000226e+02 -8.496947000000000116e+02
3.875707699999999818e+02 -8.084655000000000200e+02
2.569655999999999949e+02 -8.802609999999999673e+02
3.627709399999999960e+02 -8.816984999999999673e+02
1.361453400000000045e+02 -8.278795999999999822e+02
3.262031600000000253e+02 -8.899795500000000175e+02
3.939510500000000093e+02 -8.166115999999999531e+02
3.960469400000000064e+02 -8.236183999999999514e+02
2.547417299999999898e+02 -9.051548000000000229e+02
4.367662399999999820e+02 -8.153821400000000494e+02
3.180029599999999732e+02 -9.351690700000000334e+02
3.690124799999999823e+02 -8.377250000000000227e+02
2.872631499999999960e+02 -9.009326999999999543e+02
1.873503399999999885e+02 -8.204489999999999554e+02
3.144261200000000258e+02 -8.986335400000000391e+02
3.039807000000000130e+02 -9.277134999999999536e+02
2.987147499999999809e+02 -9.194452999999999747e+02
3.706115699999999720e+02 -8.819020000000000437e+02
4.284060400000000186e+02 -8.120807499999999663e+02
2.475919800000000066e+02 -7.141285400000000436e+02
2.623077999999999861e+02 -1.003468499999999949e+03
4.058743999999999801e+02 -8.357161999999999580e+02
4.053094500000000266e+02 -8.458984400000000505e+02
3.173908700000000067e+02 -9.086411000000000513e+02
2.734313399999999774e+02 -9.757831999999999653e+02
2.628278799999999933e+02 -8.720971700000000055e+02
3.504143700000000194e+02 -8.390797000000000025e+02
3.817783800000000269e+02 -8.465032300000000305e+02
2.988584999999999923e+02 -8.031979400000000169e+02
2.747404199999999719e+02 -8.745465000000000373e+02
2.069553500000000099e+02 -8.649059999999999491e+02
2.971228300000000218e+02 -8.002251999999999725e+02
3.429982999999999720e+02 -7.981236599999999726e+02
2.542317400000000021e+02 -7.335970999999999549e+02
1.814781199999999899e+02 -6.926463599999999587e+02
4.205839199999999778e+02 -8.382878399999999601e+02
3.387853400000000192e+02 -8.262211999999999534e+02
3.605196799999999939e+02 -8.136528299999999945e+02
3.890289000000000215e+02 -8.354403999999999542e+02
3.764597200000000043e+02 -8.354138000000000375e+02
3.322910800000000222e+02 -8.914864999999999782e+02
3.210354300000000194e+02 -8.858645999999999958e+02
2.750631399999999758e+02 -8.958160000000000309e+02
2.846306799999999839e+02 -9.265830999999999449e+02
3.709868999999999915e+02 -8.548508000000000493e+02
3.726876500000000192e+02 -8.506070600000000468e+02
2.298178299999999865e+02 -8.881061999999999443e+02
3.428064600000000155e+02 -8.931435500000000047e+02
2.531480300000000057e+02 -8.247065000000000055e+02
3.024810200000000009e+02 -9.301684999999999945e+02
3.291682700000000068e+02 -8.927335000000000491e+02
2.738062699999999836e+02 -8.744289999999999736e+02
3.082672999999999774e+02 -8.267825299999999515e+02
3.402583000000000197e+02 -9.012716000000000349e+02
2.514242900000000134e+02 -8.277246999999999844e+02
3.609264800000000264e+02 -8.385687000000000353e+02
3.013190599999999790e+02 -9.455362499999999955e+02
2.906254299999999944e+02 -9.580093399999999519e+02
3.891618700000000217e+02 -8.027234499999999571e+02
2.808022799999999961e+02 -8.744369000000000369e+02
3.531754799999999932e+02 -7.908169599999999946e+02
3.650504999999999995e+02 -8.369432399999999461e+02
3.569977400000000216e+02 -8.342640000000000100e+02
1.457729500000000087e+02 -7.210097700000000032e+02
2.742057500000000232e+02 -9.147487999999999602e+02
2.749880699999999933e+02 -9.538434999999999491e+02
3.505015300000000025e+02 -8.885014599999999518e+02
3.189073200000000270e+02 -8.016455700000000206e+02
3.544392000000000280e+02 -8.482884500000000116e+02
3.140999499999999784e+02 -9.268647499999999582e+02
3.877843599999999924e+02 -8.251540499999999838e+02
4.277635200000000282e+02 -8.166260399999999890e+02
3.813276399999999740e+02 -8.456109599999999773e+02
3.659123500000000035e+02 -8.336812999999999647e+02
3.048537600000000225e+02 -9.205559700000000021e+02
2.783849000000000160e+02 -9.108703600000000051e+02
2.614338999999999942e+02 -9.976302500000000464e+02
2.994114999999999895e+02 -7.258492400000000089e+02
3.127452700000000050e+02 -8.552771599999999808e+02
3.036327800000000252e+02 -9.339853500000000395e+02
2.303858799999999860e+02 -8.361703499999999849e+02
3.640320399999999950e+02 -7.451506299999999783e+02
1.891222799999999893e+02 -7.763247999999999820e+02
3.713741999999999734e+02 -8.410998499999999467e+02
3.041351599999999848e+02 -9.036684599999999818e+02
2.576558800000000247e+02 -9.043079999999999927e+02
2.824778400000000147e+02 -9.370028999999999542e+02
3.541764800000000264e+02 -7.660191700000000310e+02
3.925785799999999881e+02 -8.321792599999999993e+02
3.063665500000000179e+02 -8.948737999999999602e+02
3.074434200000000033e+02 -8.440829499999999825e+02
1.669075300000000084e+02 -6.698412499999999454e+02
7.395264000000000237e+01 -5.129185999999999694e+02
2.681777000000000157e+02 -9.559681000000000495e+02
2.757519199999999842e+02 -9.408160400000000436e+02
2.753811999999999784e+02 -9.273601999999999634e+02
2.937031200000000126e+02 -8.822518300000000409e+02
2.296113900000000001e+02 -6.970480000000000018e+02
2.249117400000000089e+02 -8.941879999999999882e+02
2.723519600000000196e+02 -8.111880499999999756e+02
2.629189799999999764e+02 -9.486188399999999774e+02
1.364345199999999920e+02 -7.255016500000000406e+02
3.284017299999999864e+02 -9.074490399999999681e+02
2.961319300000000112e+02 -9.320484599999999773e+02
3.110962799999999788e+02 -9.501739999999999782e+02
3.108910799999999881e+02 -9.443979000000000497e+02
1.606724499999999978e+02 -9.202385000000000446e+02
3.095421000000000049e+02 -8.803396599999999808e+02
1.460325300000000084e+02 -9.248637999999999693e+02
2.771806300000000078e+02 -9.464815700000000334e+02
3.352443200000000161e+02 -8.903257999999999583e+02
2.979796999999999798e+02 -9.176431000000000040e+02
2.987483500000000163e+02 -9.914749000000000478e+02
2.830680800000000090e+02 -9.407890999999999622e+02
2.881686000000000263e+02 -9.441285400000000436e+02
2.786415400000000204e+02 -9.812110599999999749e+02
1.586588299999999947e+02 -9.035239000000000260e+02
4.211872599999999807e+02 -8.412126500000000533e+02
2.705280500000000075e+02 -1.019264040000000023e+03
2.921238999999999919e+02 -9.111373999999999569e+02
3.042360199999999963e+02 -9.832589000000000397e+02
3.055288400000000024e+02 -9.232245500000000220e+02
2.584033000000000015e+02 -8.932305000000000064e+02
1.830481100000000083e+02 -6.820979999999999563e+02
2.865296299999999974e+02 -9.500871600000000399e+02
2.744514500000000226e+02 -9.713176999999999452e+02
2.826293600000000197e+02 -9.489846000000000004e+02
2.502030300000000125e+02 -6.217290600000000040e+02
2.589407699999999863e+02 -9.575973999999999933e+02
4.203123800000000188e+02 -7.658108999999999469e+02
3.506952200000000062e+02 -7.904389599999999518e+02
2.927634600000000091e+02 -9.359186399999999821e+02
2.873100600000000213e+02 -9.938894699999999602e+02
3.132989799999999718e+02 -9.527709999999999582e+02
1.795740999999999872e+02 -9.221203000000000429e+02
2.450752400000000080e+02 -9.075619500000000244e+02
2.762793300000000158e+02 -9.353309299999999666e+02
2.866285399999999868e+02 -9.239769000000000005e+02
1.904187300000000107e+02 -6.789337000000000444e+02
2.963436300000000188e+02 -8.627993999999999915e+02
1.811543900000000065e+02 -8.980445600000000468e+02
1.434438800000000072e+02 -9.220400399999999763e+02
2.680471200000000067e+02 -9.229464000000000397e+02
1.711235200000000134e+02 -7.809759999999999991e+02
3.099844699999999875e+02 -9.205300999999999476e+02
2.848606300000000147e+02 -9.295135500000000093e+02
2.971833799999999997e+02 -9.361989999999999554e+02
2.912321000000000026e+02 -9.166625000000000227e+02
2.888097000000000207e+02 -9.222782999999999447e+02
3.365291700000000219e+02 -7.026886600000000271e+02
3.297307700000000068e+02 -6.622181000000000495e+02
3.045957000000000221e+02 -9.042424999999999500e+02
3.047733000000000061e+02 -8.558618000000000166e+02
2.287461099999999874e+02 -8.220124499999999443e+02
2.788095000000000141e+02 -9.811268300000000409e+02
2.925691499999999792e+02 -9.430777600000000120e+02
2.713960000000000150e+02 -9.378201000000000249e+02
2.823787199999999871e+02 -9.542554300000000467e+02
4.744684399999999869e+02 -7.847704499999999825e+02
2.146368099999999970e+02 -8.175439499999999953e+02
3.094330400000000054e+02 -9.129234999999999900e+02
2.782563000000000102e+02 -9.787726000000000113e+02
2.117694899999999905e+02 -8.110129399999999578e+02
2.987330000000000041e+02 -9.892141000000000304e+02
3.171154199999999719e+02 -7.677684299999999666e+02
2.802035200000000259e+02 -5.382192400000000134e+02
1.777052500000000066e+02 -6.651874000000000251e+02
2.826736799999999903e+02 -9.288957500000000209e+02
2.973774999999999977e+02 -9.136575299999999515e+02
1.825119200000000035e+02 -7.300660000000000309e+02
-8.439161999999999608e+00 -6.929655999999999949e+02
1.863818699999999922e+02 -7.221424600000000282e+02
3.201927000000000021e+02 -7.718944999999999936e+02
1.396394999999999982e+02 -7.629724999999999682e+02
2.866909499999999866e+02 -9.252635500000000093e+02
3.276629599999999982e+02 -8.947272000000000389e+02
2.489656200000000013e+02 -8.340758700000000090e+02
2.974777000000000271e+02 -9.031762999999999693e+02
2.877656999999999812e+02 -9.430254499999999780e+02
1.925930799999999863e+02 -7.402059299999999666e+02
1.138290800000000047e+02 -7.485104400000000169e+02
2.924570600000000127e+02 -8.769502999999999702e+02
1.922258300000000020e+02 -6.763084999999999809e+02
2.867103999999999928e+02 -8.847174999999999727e+02
2.693653299999999717e+02 -8.858428999999999860e+02
3.043309300000000235e+02 -6.791997699999999440e+02
2.000462499999999864e+02 -7.176669000000000551e+02
2.647807000000000244e+02 -5.132981600000000526e+02
3.065525200000000154e+02 -7.720592699999999695e+02
2.124994199999999864e+02 -6.869302400000000262e+02
1.287374700000000018e+02 -7.342854999999999563e+02
3.140972300000000246e+02 -9.091695999999999458e+02
3.246707799999999793e+02 -9.197460300000000188e+02
2.089482000000000141e+02 -7.277287599999999657e+02
3.777085999999999899e+02 -8.662924000000000433e+02
3.530165400000000204e+02 -7.594501000000000204e+02
3.676994000000000256e+02 -7.972192999999999756e+02
2.589596000000000231e+02 -7.416476400000000240e+02
1.762667199999999923e+02 -7.310230999999999995e+02
1.578482999999999947e+02 -8.071023000000000138e+02
2.311185999999999865e+02 -7.784692000000000007e+02
2.433880800000000022e+02 -8.991626999999999725e+02
2.241005900000000111e+02 -7.894800000000000182e+02
1.466301599999999894e+02 -6.241300700000000461e+02
2.091552900000000079e+02 -7.579927999999999884e+02
3.017448699999999917e+02 -8.519247000000000298e+02
1.481358600000000081e+02 -5.651385500000000093e+02
2.115020800000000065e+02 -7.129931599999999889e+02
3.199877000000000180e+02 -8.977957999999999856e+02
2.855487699999999904e+02 -9.201713999999999487e+02
2.307388500000000136e+02 -8.864720999999999549e+02
1.849856299999999862e+02 -6.915960999999999785e+02
2.872767999999999802e+02 -8.926309999999999718e+02
1.455563199999999995e+02 -5.732650999999999613e+02
3.424562000000000239e+02 -7.360511500000000069e+02
2.816587999999999852e+02 -9.463867000000000189e+02
1.702604000000000042e+02 -7.664795000000000300e+02
2.064386700000000019e+02 -7.045691500000000360e+02
3.304506799999999771e+02 -7.641448400000000447e+02
1.562758800000000008e+02 -7.584723000000000184e+02
3.013009299999999939e+02 -8.660516999999999825e+02
1.548426800000000014e+02 -5.659258399999999938e+02
2.853761600000000271e+02 -7.157912599999999657e+02
1.869756999999999891e+02 -7.811105300000000398e+02
1.906701799999999878e+02 -7.231792000000000371e+02
3.276347400000000221e+02 -7.880582000000000562e+02
2.838073699999999917e+02 -9.161489000000000260e+02
2.218157799999999895e+02 -7.495860599999999749e+02
3.879897500000000150e+02 -8.218618000000000166e+02
1.529786799999999971e+02 -7.445365000000000464e+02
2.018965900000000033e+02 -7.018119000000000369e+02
2.286668999999999983e+02 -8.723253999999999451e+02
2.652143199999999865e+02 -7.545077999999999747e+02
1.726881600000000105e+02 -7.291452000000000453e+02
3.061510299999999916e+02 -8.559247000000000298e+02
2.590110500000000116e+02 -8.865271599999999808e+02
3.034161700000000224e+02 -9.082823499999999513e+02
2.091061200000000042e+02 -7.116893300000000409e+02
2.357476200000000119e+02 -7.120042999999999438e+02
3.117463999999999942e+02 -8.359611999999999625e+02
3.942638499999999908e+02 -7.878488999999999578e+02
2.385663999999999874e+02 -7.020823000000000320e+02
3.278314799999999991e+02 -8.895661000000000058e+02
4.262952999999999975e+02 -8.080615999999999985e+02
2.945439999999999827e+02 -9.288372000000000526e+02
1.632880199999999888e+02 -5.835536499999999478e+02
1.548285799999999881e+02 -5.672123000000000275e+02
2.983285200000000259e+02 -8.608405999999999949e+02
2.854163800000000037e+02 -7.179885000000000446e+02
2.862863500000000272e+02 -9.378567500000000337e+02
1.149934500000000082e+00 -6.653653000000000475e+02
2.024079999999999870e+02 -7.069560999999999922e+02
1.698827799999999968e+02 -7.316752999999999929e+02
2.236590899999999920e+02 -8.909422600000000330e+02
2.713501600000000167e+02 -5.355057000000000471e+02
3.638338600000000156e+02 -7.993508000000000493e+02
2.874704300000000217e+02 -6.932637999999999465e+02
2.906786000000000172e+02 -9.258890400000000227e+02
2.184168099999999981e+02 -7.116658999999999651e+02
3.211349200000000224e+02 -8.293876000000000204e+02
2.637887000000000057e+02 -7.787212500000000546e+02
2.709736300000000142e+02 -8.925859400000000505e+02
2.872618400000000065e+02 -5.233568000000000211e+02
2.888895999999999731e+02 -8.250280000000000200e+02
3.115957999999999970e+02 -7.975671399999999949e+02
2.948266300000000228e+02 -8.844157999999999902e+02
2.712758499999999913e+02 -9.293564000000000078e+02
1.305797900000000027e+02 -5.754342699999999695e+02
2.527528200000000140e+02 -7.204459000000000515e+02
1.833693800000000067e+02 -8.179873700000000554e+02
1.947853200000000129e+02 -7.598526000000000522e+02
3.130205000000000268e+02 -7.679406999999999925e+02
2.136334799999999916e+02 -8.403721000000000458e+02
2.291836399999999969e+02 -7.073432000000000244e+02
2.017850300000000061e+02 -7.833205600000000004e+02
3.647746000000000208e+02 -8.350706999999999880e+02
1.988647300000000087e+02 -7.227098399999999856e+02
2.283539600000000007e+02 -8.266462400000000343e+02
2.656565600000000131e+02 -8.858150600000000168e+02
2.615345500000000243e+02 -9.109163999999999533e+02
3.094902599999999779e+02 -8.529279999999999973e+02
3.113759800000000268e+02 -8.586491999999999507e+02
3.277101400000000240e+02 -8.432791999999999462e+02
3.156665600000000040e+02 -8.465191999999999553e+02
1.902812299999999937e+02 -6.773699299999999539e+02
2.990384000000000242e+02 -8.295710000000000264e+02
2.764531999999999812e+02 -9.473219000000000278e+02
2.867549700000000144e+02 -9.436802000000000135e+02
2.206368699999999876e+02 -7.463831999999999880e+02
2.354103200000000129e+02 -9.132835999999999785e+02
1.909613600000000133e+02 -6.947433499999999640e+02
2.610439499999999953e+02 -9.129901999999999589e+02
3.000672599999999761e+02 -9.309823000000000093e+02
2.030855999999999995e+02 -7.689651999999999816e+02
1.455230599999999868e+02 -6.837086000000000467e+02
3.205796799999999962e+02 -9.035385999999999740e+02
2.321848099999999988e+02 -7.258808000000000220e+02
3.143242999999999938e+02 -9.506973000000000411e+02
2.756390999999999849e+02 -7.786689499999999953e+02
3.291152599999999779e+02 -7.772773399999999810e+02
3.235794399999999769e+02 -9.247695300000000316e+02
2.058192400000000077e+02 -7.144941400000000158e+02
2.824839000000000055e+02 -9.311470000000000482e+02
2.452515899999999931e+02 -7.454339999999999691e+02
3.380353000000000065e+02 -7.767602500000000418e+02
2.180309900000000027e+02 -6.032131299999999783e+02
2.798802800000000275e+02 -7.437066999999999553e+02
2.799016700000000242e+02 -8.698278999999999996e+02
1.356702300000000037e+02 -7.306970000000000027e+02
2.657476500000000215e+02 -8.932278400000000147e+02
2.106691899999999862e+02 -7.086833500000000186e+02
2.387008500000000026e+02 -7.415000999999999749e+02
2.832819200000000137e+02 -8.955959500000000162e+02
3.009623700000000213e+02 -8.527124000000000024e+02
1.527245200000000125e+02 -7.097605999999999540e+02
1.340907300000000077e+02 -6.996411000000000513e+02
3.610663999999999874e+02 -8.012993999999999915e+02
-3.415438999999999936e+01 -7.000211000000000467e+02
2.894114999999999895e+02 -6.172303000000000566e+02
2.772891500000000065e+02 -4.856243999999999801e+02
3.623193400000000111e+02 -8.383813999999999851e+02
9.473850000000000193e+01 -5.242417599999999993e+02
1.859293399999999963e+02 -7.095295399999999972e+02
2.620926499999999919e+02 -5.007094700000000103e+02
2.863683800000000019e+02 -8.765982699999999568e+02
2.556642899999999941e+02 -7.492273599999999760e+02
2.985390600000000063e+02 -9.285782500000000255e+02
3.325623800000000188e+02 -8.051073599999999715e+02
2.143589800000000025e+02 -8.775347000000000435e+02
2.428854499999999916e+02 -7.242500000000000000e+02
1.811011499999999899e+02 -7.220184000000000424e+02
1.101220399999999984e+02 -7.080096399999999903e+02
1.234297559999999976e+02 -7.261119400000000041e+02
1.923178000000000054e+02 -7.082348600000000260e+02
3.106161000000000172e+02 -9.168921000000000276e+02
3.028147599999999784e+02 -8.419186999999999443e+02
2.814311500000000024e+02 -9.117557000000000471e+02
1.372140699999999924e+02 -7.116352000000000544e+02
3.696095300000000066e+02 -8.515005999999999631e+02
2.596113599999999906e+02 -5.534101000000000568e+02
3.452951400000000035e+02 -7.558598600000000260e+02
1.991180600000000140e+02 -8.945550500000000511e+02
3.439800700000000120e+02 -8.194906999999999471e+02
3.727828400000000215e+02 -8.256417999999999893e+02
2.783123800000000188e+02 -7.337037400000000389e+02
4.410253999999999905e+02 -8.009420000000000073e+02
2.118748199999999997e+02 -8.864269000000000460e+02
3.586328700000000254e+02 -8.705099000000000160e+02
3.685708000000000197e+02 -8.204826699999999846e+02
-2.718142999999999887e+01 -6.778323400000000447e+02
3.800110199999999736e+02 -7.742785599999999704e+02
3.686549400000000105e+02 -8.009329000000000178e+02
3.812443499999999972e+02 -7.803451000000000022e+02
3.348451200000000085e+02 -9.096523999999999432e+02
3.749477499999999850e+02 -8.213578999999999724e+02
3.102524399999999787e+02 -8.966462400000000343e+02
2.782955600000000231e+02 -9.674538999999999760e+02
1.577814600000000098e+02 -7.208396000000000186e+02
2.882523199999999974e+02 -8.726480999999999995e+02
3.781590299999999729e+02 -7.720042999999999438e+02
3.058668000000000120e+02 -7.889607999999999493e+02
3.667624999999999886e+02 -7.906171000000000504e+02
4.206542699999999968e+02 -8.612080999999999449e+02
3.782992600000000039e+02 -8.544466999999999643e+02
4.824204700000000230e+02 -7.976289000000000442e+02
3.082772199999999998e+02 -8.235828000000000202e+02
3.178754599999999755e+02 -9.141403000000000247e+02
3.290518000000000143e+02 -7.870869000000000142e+02
3.588826300000000060e+02 -8.123007000000000062e+02
3.171293299999999817e+02 -8.012166999999999462e+02
3.388136000000000081e+02 -8.421330600000000004e+02
2.661729000000000269e+02 -9.512112399999999752e+02
3.467857000000000198e+02 -8.522347999999999502e+02
3.304950000000000045e+02 -8.979065600000000131e+02
2.585847499999999854e+02 -8.357309599999999818e+02
3.289633000000000038e+02 -8.811493500000000267e+02
3.025577000000000112e+02 -9.569388400000000274e+02
3.570166300000000206e+02 -7.730337500000000546e+02
2.841858199999999783e+02 -9.362385000000000446e+02
3.805230399999999804e+02 -7.876658999999999651e+02
2.860684200000000033e+02 -9.144388400000000274e+02
4.029703000000000088e+02 -8.096224999999999454e+02
3.304532500000000255e+02 -8.107120400000000018e+02
3.827218300000000113e+02 -7.638532000000000153e+02
2.911720599999999877e+02 -9.182945600000000468e+02
2.622382999999999811e+02 -9.264290999999999485e+02
3.685275599999999940e+02 -8.072018399999999474e+02
2.912621500000000196e+02 -9.228075599999999667e+02
2.708725600000000213e+02 -8.811416600000000017e+02
2.688860000000000241e+02 -9.236772999999999456e+02
2.779845599999999877e+02 -9.440044599999999946e+02
4.017312999999999761e+02 -8.013274499999999989e+02
1.947464600000000132e+02 -8.901675400000000309e+02
2.758958000000000084e+02 -7.266665000000000418e+02
1.722592300000000023e+02 -7.251695600000000468e+02
2.747682800000000043e+02 -7.790191999999999553e+02
4.640908999999999764e+02 -7.757900399999999763e+02
4.254196499999999901e+02 -8.335592699999999695e+02
3.951074199999999905e+02 -8.255297000000000480e+02
3.388641000000000076e+02 -9.004494600000000446e+02
2.522313200000000109e+02 -7.689499499999999443e+02
3.495639300000000276e+02 -8.378781000000000176e+02
3.538293499999999767e+02 -7.798481399999999439e+02
2.922393500000000017e+02 -9.633008999999999560e+02
2.836320200000000114e+02 -8.821120600000000422e+02
5.073643500000000017e+02 -7.828882399999999961e+02
3.112855200000000195e+02 -9.176787000000000489e+02
3.166005999999999858e+02 -7.963411999999999580e+02
3.491861599999999726e+02 -8.435538000000000238e+02
3.752592500000000086e+02 -7.823473500000000058e+02
4.247282000000000153e+02 -8.462594000000000278e+02
2.985497399999999857e+02 -9.278302999999999656e+02
3.177992199999999912e+02 -8.053866600000000062e+02
2.711627199999999789e+02 -8.971496600000000399e+02
3.364430199999999900e+02 -9.067826000000000022e+02
3.534100300000000061e+02 -8.101902000000000044e+02
2.513987400000000036e+02 -8.921335400000000391e+02
2.046973600000000033e+02 -8.211056499999999687e+02
2.915210599999999772e+02 -9.106282999999999674e+02
2.585004299999999944e+02 -8.982422500000000127e+02
2.274753399999999885e+02 -7.229038000000000466e+02
4.407881499999999733e+02 -7.947875400000000354e+02
3.922138699999999858e+02 -7.770584000000000060e+02
3.589808699999999817e+02 -8.598600000000000136e+02
3.536616500000000087e+02 -7.948482999999999947e+02
3.242405400000000100e+02 -8.968908000000000129e+02
3.764265399999999886e+02 -8.597617000000000189e+02
1.781581400000000031e+02 -8.877729000000000497e+02
2.891935399999999845e+02 -9.350398000000000138e+02
4.155347300000000246e+02 -8.162530500000000302e+02
3.056537500000000023e+02 -9.034078399999999647e+02
3.466419700000000148e+02 -9.460208000000000084e+02
1.766163300000000049e+02 -9.132711000000000467e+02
3.492390399999999886e+02 -8.823949999999999818e+02
2.957248000000000161e+02 -9.383791999999999689e+02
2.978736299999999915e+02 -8.308458000000000538e+02
3.286301300000000083e+02 -8.874380499999999756e+02
2.699995999999999867e+02 -8.530830999999999449e+02
3.031938000000000102e+02 -9.187901600000000144e+02
4.441157799999999725e+02 -8.347789999999999964e+02
2.782912600000000225e+02 -9.525743999999999687e+02
2.734800399999999740e+02 -9.582461499999999432e+02
4.226284999999999741e+02 -8.257528999999999542e+02
2.992873999999999910e+02 -6.620041499999999814e+02
2.860753799999999956e+02 -8.855343000000000302e+02
2.960622599999999807e+02 -6.647015000000000100e+02
2.897055700000000229e+02 -9.280002399999999625e+02
2.812884799999999927e+02 -9.424130999999999858e+02
2.941883000000000266e+02 -9.519139400000000251e+02
2.728214399999999955e+02 -9.545027000000000044e+02
3.600410800000000222e+02 -8.224061000000000377e+02
2.759836999999999989e+02 -8.568513000000000375e+02
2.395793899999999894e+02 -7.716263000000000147e+02
2.951528299999999945e+02 -8.190249000000000024e+02
3.150711400000000140e+02 -9.194338400000000320e+02
3.647138699999999858e+02 -8.246419700000000148e+02
8.160934399999999300e+01 -5.269624599999999646e+02
2.666461499999999774e+02 -8.915528600000000097e+02
2.981788300000000049e+02 -7.828655400000000100e+02
2.633191199999999981e+02 -9.388045700000000124e+02
2.386842000000000041e+02 -8.534145999999999503e+02
3.164418299999999817e+02 -8.377771999999999935e+02
3.917660000000000196e+02 -8.078311999999999671e+02
2.771925400000000081e+02 -8.835356399999999439e+02
3.132472500000000082e+02 -9.783745999999999867e+02
2.745423000000000116e+02 -8.717595999999999776e+02
2.906820999999999913e+02 -9.199486699999999928e+02
3.454400999999999726e+02 -7.910344999999999800e+02
3.116023000000000138e+02 -6.472923600000000306e+02
2.480082400000000007e+02 -9.198916000000000395e+02
2.815038499999999999e+02 -9.354095999999999549e+02
2.374934499999999957e+02 -8.165744600000000446e+02
3.069592000000000098e+02 -9.119172399999999925e+02
2.119794599999999889e+02 -6.898722999999999956e+02
1.698379199999999969e+02 -7.489550000000000409e+02
2.119615000000000009e+02 -7.742903000000000020e+02
2.580994299999999839e+02 -9.787251999999999725e+02
2.899931300000000078e+02 -9.238184999999999718e+02
2.925058599999999842e+02 -9.239963000000000193e+02
3.977746300000000019e+02 -8.021738000000000284e+02
3.121435000000000173e+02 -9.364858400000000529e+02
2.941052000000000248e+02 -9.222350500000000011e+02
2.478427100000000110e+02 -8.301337999999999511e+02
2.866543300000000158e+02 -9.556775999999999840e+02
2.968867799999999875e+02 -9.324646599999999808e+02
3.267773000000000252e+02 -9.083238499999999931e+02
1.912279399999999896e+02 -6.591974000000000160e+02
3.227407799999999725e+02 -9.438778700000000299e+02
4.254045399999999972e+02 -8.051086999999999989e+02
2.880354300000000194e+02 -9.537562000000000353e+02
2.062367900000000134e+02 -8.840254999999999654e+02
3.644363399999999729e+02 -7.821783400000000483e+02
3.205276799999999753e+02 -7.481468999999999596e+02
4.061062299999999823e+02 -8.544109499999999571e+02
3.123131999999999948e+02 -9.286607999999999947e+02
2.746338499999999954e+02 -7.866144000000000460e+02
2.894210800000000177e+02 -9.751809700000000021e+02
2.632444800000000100e+02 -8.978958999999999833e+02
2.825217000000000098e+02 -8.818613000000000284e+02
2.961142300000000205e+02 -9.409754599999999982e+02
3.778850699999999847e+02 -8.581298000000000457e+02
2.867951699999999846e+02 -8.875828999999999951e+02
2.961951300000000060e+02 -9.539820600000000468e+02
2.970632600000000139e+02 -9.057685500000000047e+02
4.295746199999999817e+02 -8.131956999999999880e+02
4.146769699999999830e+02 -8.421081500000000233e+02
5.075540199999999800e+02 -7.946801000000000386e+02
2.948168999999999755e+02 -9.763827499999999873e+02
2.350438200000000109e+02 -9.181891000000000531e+02
1.791839899999999943e+02 -8.425960999999999785e+02
4.849206500000000233e+02 -7.884299300000000130e+02
2.461179500000000075e+02 -8.196609999999999445e+02
2.839277999999999906e+02 -8.733096299999999701e+02
3.655801399999999717e+02 -8.020248400000000402e+02
2.824995000000000118e+02 -9.563632000000000062e+02
4.003967000000000098e+02 -8.383858599999999797e+02
3.326229599999999778e+02 -8.707229599999999436e+02
3.228824999999999932e+02 -6.798465599999999540e+02
1.608229699999999980e+02 -9.436300700000000461e+02
2.787042799999999829e+02 -9.773798000000000457e+02
2.966948199999999929e+02 -8.737811000000000377e+02
4.200815000000000055e+02 -8.145235999999999876e+02
3.160957000000000221e+02 -9.204736299999999574e+02
4.173077700000000050e+02 -8.426853999999999587e+02
2.684956999999999994e+02 -9.291498400000000402e+02
4.689854700000000207e+02 -7.873497999999999593e+02
3.218123800000000188e+02 -6.973728999999999587e+02
2.967837999999999852e+02 -8.660583500000000186e+02
2.929438000000000102e+02 -9.215585300000000188e+02
1.843042100000000119e+02 -6.889911499999999478e+02
2.775467199999999934e+02 -9.425778999999999996e+02
3.005296000000000163e+02 -8.158000500000000557e+02
2.330884000000000071e+02 -9.017920500000000175e+02
1.859190000000000111e+02 -6.710981000000000449e+02
3.117020999999999731e+02 -8.280657999999999674e+02
3.169918200000000184e+02 -7.508390000000000555e+02
2.838448200000000270e+02 -9.297790499999999838e+02
4.257705000000000268e+02 -8.350569000000000415e+02
3.809615000000000009e+02 -7.749764999999999873e+02
2.532962200000000053e+02 -9.093497300000000223e+02
4.895339700000000107e+02 -7.733971000000000231e+02
4.486591000000000236e+02 -7.970726300000000037e+02
3.086282699999999863e+02 -9.654944000000000415e+02
3.772020999999999731e+02 -7.798300000000000409e+02
3.826115399999999909e+02 -8.737826499999999896e+02
1.846691099999999892e+02 -6.614867600000000039e+02
3.240898000000000252e+02 -9.122643000000000484e+02
3.152715799999999717e+02 -9.230202600000000075e+02
2.994032599999999888e+02 -9.159384999999999764e+02
2.971748999999999796e+02 -9.997594000000000278e+02
2.884972799999999893e+02 -9.351136500000000069e+02
2.872078200000000265e+02 -9.800804399999999532e+02
3.898699599999999919e+02 -8.275500500000000557e+02
4.417387400000000071e+02 -8.252645999999999731e+02
3.719966999999999757e+02 -8.429370000000000118e+02
-2.683288200000000145e+01 -6.751498400000000402e+02
4.164513999999999783e+02 -8.463505999999999858e+02
2.088605499999999893e+02 -6.751743000000000166e+02
2.511899999999999977e+02 -7.619583999999999833e+02
1.437616099999999904e+02 -7.064667399999999589e+02
1.966646399999999915e+02 -6.874623000000000275e+02
2.502696200000000033e+02 -6.345262999999999920e+02
1.764999400000000094e+02 -6.854270999999999958e+02
2.928981299999999806e+02 -8.284012000000000171e+02
3.663029500000000098e+02 -8.592459999999999809e+02
2.679040499999999838e+02 -9.627991299999999910e+02
4.370978000000000065e+02 -8.463645000000000209e+02
4.828926000000000158e+02 -7.967096000000000231e+02
3.206436499999999796e+02 -8.867036000000000513e+02
4.268174399999999764e+02 -8.358114600000000110e+02
3.999194299999999771e+02 -8.313523000000000138e+02
4.534081400000000031e+02 -8.661956999999999880e+02
3.665366799999999898e+02 -8.579737499999999955e+02
2.069738600000000019e+02 -6.690007299999999759e+02
2.004675300000000107e+02 -8.273596000000000004e+02
1.809910000000000139e+02 -7.289421399999999949e+02
5.051305800000000090e+02 -8.088774399999999787e+02
2.404964600000000132e+02 -8.202623999999999569e+02
4.956075700000000097e+02 -7.923264000000000351e+02
4.851656500000000278e+02 -7.980909400000000460e+02
4.876478299999999990e+02 -7.906530999999999949e+02
2.778587600000000180e+02 -9.560729400000000169e+02
2.412159000000000049e+02 -8.013526600000000144e+02
2.696741000000000099e+02 -5.405931399999999485e+02
3.930600000000000023e+02 -8.076387999999999465e+02
2.928872400000000198e+02 -9.409743700000000217e+02
2.257287300000000130e+02 -8.605172000000000025e+02
4.113976700000000051e+02 -8.262950399999999718e+02
4.178036000000000172e+02 -8.185240499999999884e+02
4.160545299999999997e+02 -8.031014999999999873e+02
2.666902000000000044e+02 -8.780356000000000449e+02
2.367848199999999963e+02 -8.172265599999999495e+02
3.135902699999999754e+02 -9.396698599999999715e+02
4.091297000000000139e+02 -8.198506999999999607e+02
4.559017600000000243e+02 -7.962148399999999810e+02
4.536735800000000154e+02 -8.079470000000000027e+02
3.932755000000000223e+02 -8.728549000000000433e+02
3.044124800000000164e+02 -7.752780999999999949e+02
3.140259699999999725e+02 -7.157291000000000167e+02
3.010385999999999740e+02 -9.700169700000000148e+02
2.625182800000000043e+02 -8.520799600000000282e+02
9.574711000000000638e+01 -5.149634999999999536e+02
3.285985699999999952e+02 -9.260007299999999759e+02
3.159331700000000183e+02 -7.823620600000000422e+02
3.484195599999999899e+02 -7.813869999999999436e+02
2.369532199999999875e+02 -8.981983599999999797e+02
1.839402800000000013e+02 -8.082889400000000251e+02
2.861247999999999934e+02 -8.154706999999999653e+02
2.327790799999999933e+02 -8.160995500000000220e+02
2.593487499999999955e+02 -7.147938000000000329e+02
2.961163599999999860e+02 -7.391476000000000113e+02
3.414580700000000206e+02 -7.748822999999999865e+02
2.750380200000000173e+02 -9.498059700000000021e+02
-3.148992300000000100e+01 -6.738586999999999989e+02
2.662397500000000150e+02 -9.080804399999999532e+02
2.053664200000000051e+02 -8.316809700000000021e+02
2.529444100000000049e+02 -8.562178000000000111e+02
2.185728599999999915e+02 -8.368127399999999625e+02
4.936300699999999892e+02 -8.044988399999999729e+02
3.203446999999999889e+02 -6.535509600000000319e+02
1.699252199999999959e+02 -6.679012500000000045e+02
4.092549399999999764e+02 -8.272802000000000362e+02
4.227494500000000244e+02 -8.037611000000000558e+02
4.182173000000000229e+02 -8.051414999999999509e+02
3.419753999999999792e+02 -8.437762500000000045e+02
4.936548199999999724e+02 -8.402566500000000360e+02
4.511378500000000145e+02 -8.050705600000000004e+02
2.836300400000000081e+02 -8.723747600000000375e+02
3.324156199999999899e+02 -8.423058999999999514e+02
2.187734399999999937e+02 -7.430050999999999704e+02
2.339396399999999971e+02 -7.958279999999999745e+02
4.688095000000000141e+02 -8.246326999999999998e+02
3.032277799999999957e+02 -7.915218999999999596e+02
2.478063199999999995e+02 -8.608984000000000378e+02
4.180836499999999774e+02 -8.031470299999999725e+02
2.957757599999999911e+02 -9.108366999999999507e+02
3.474639300000000048e+02 -7.665910599999999704e+02
2.992599999999999909e+02 -9.615307599999999866e+02
2.790840499999999906e+02 -9.362176500000000487e+02
3.369064000000000192e+02 -7.880777600000000120e+02
4.317763699999999858e+02 -8.558864999999999554e+02
2.622560700000000224e+02 -9.948719499999999698e+02
3.148623400000000174e+02 -8.932865000000000464e+02
2.936030999999999835e+02 -8.600952999999999520e+02
2.784988000000000170e+02 -9.539530999999999494e+02
2.213388400000000047e+02 -7.784394499999999653e+02
3.287352000000000203e+02 -8.128506499999999733e+02
3.711785300000000234e+02 -8.273463000000000420e+02
2.826487399999999752e+02 -9.283752399999999625e+02
1.318364100000000008e+02 -9.216222999999999956e+02
4.161794699999999807e+02 -7.964637500000000045e+02
4.509936799999999835e+02 -8.191123999999999796e+02
-3.075262499999999832e+01 -6.984661999999999580e+02
3.702871999999999844e+02 -8.336531999999999698e+02
2.356198300000000074e+02 -8.308637999999999693e+02
4.406083699999999794e+02 -8.162192400000000134e+02
2.996714499999999930e+02 -9.207232999999999947e+02
2.862048599999999965e+02 -9.310232999999999493e+02
3.641057700000000068e+02 -8.229026999999999816e+02
3.107581999999999880e+02 -9.273955700000000206e+02
3.951684000000000196e+02 -8.207989999999999782e+02
2.642132599999999911e+02 -7.909239999999999782e+02
2.423196299999999894e+02 -8.818894000000000233e+02
2.474454700000000003e+02 -7.845268999999999551e+02
3.275713799999999765e+02 -8.044927999999999884e+02
4.385282000000000266e+02 -8.205811999999999671e+02
1.665756800000000055e+02 -9.225910000000000082e+02
3.195706000000000131e+02 -9.277367600000000039e+02
-2.180568500000000043e+01 -6.987591999999999643e+02
1.773925399999999897e+01 -6.685510000000000446e+02
2.119724999999999966e+02 -7.297677599999999529e+02
3.369716000000000236e+02 -6.640674999999999955e+02
2.898901000000000181e+02 -7.370679999999999836e+02
1.517694700000000125e+02 -5.634364000000000487e+02
3.803435999999999808e+02 -7.972104000000000497e+02
1.328812399999999911e+02 -5.607795399999999972e+02
2.873379199999999969e+02 -8.623076999999999543e+02
3.710917699999999968e+02 -8.242156999999999698e+02
9.659834999999999638e+01 -5.396191000000000031e+02
3.894058199999999914e+01 -6.642168599999999969e+02
3.243508299999999736e+02 -7.142138700000000426e+02
2.730115700000000061e+02 -7.683818999999999733e+02
2.236966199999999958e+02 -8.868209000000000515e+02
5.084978600000000029e+02 -7.964753399999999601e+02
4.560042000000000257e+02 -8.346457000000000335e+02
3.069972200000000271e+02 -6.726735999999999649e+02
1.201258499999999998e+02 -7.169101000000000568e+02
-5.533724000000000309e+00 -6.653800999999999704e+02
1.038814700000000002e+01 -6.720158699999999499e+02
3.750391999999999939e+02 -8.378354500000000371e+02
2.049552199999999971e+02 -9.099743999999999460e+02
2.957137999999999920e+02 -8.621114999999999782e+02
4.732072800000000257e+02 -7.886075399999999718e+02
2.957087000000000216e+02 -8.689819999999999709e+02
2.589333199999999806e+02 -9.736451399999999694e+02
3.307931199999999876e+02 -8.916965300000000525e+02
3.463847000000000094e+02 -7.833981999999999744e+02
2.483444200000000137e+02 -8.998288599999999633e+02
2.990444600000000150e+02 -8.368007999999999811e+02
1.875491299999999910e+02 -6.878686500000000024e+02
4.227259500000000116e+02 -8.039881599999999935e+02
3.040978400000000192e+02 -9.448161599999999680e+02
4.189886200000000258e+02 -8.337259500000000116e+02
3.002640999999999849e+02 -9.066462000000000216e+02
2.604164700000000039e+02 -9.004580700000000206e+02
4.130674399999999764e+02 -7.912421000000000504e+02
2.362336400000000083e+02 -9.153997000000000526e+02
3.196030299999999897e+02 -9.208703000000000429e+02
3.010861800000000130e+02 -9.793746999999999616e+02
4.702493299999999863e+02 -7.891217000000000326e+02
4.522572299999999927e+02 -8.030998499999999467e+02
2.917839700000000107e+02 -7.841053500000000440e+02
3.078153699999999731e+02 -9.921391599999999471e+02
2.908307199999999852e+02 -9.349179699999999684e+02
2.774624299999999835e+02 -9.526595499999999674e+02
4.583676500000000260e+02 -8.007462000000000444e+02
3.077406599999999912e+02 -9.793540000000000418e+02
3.711476400000000240e+02 -8.427958999999999605e+02
3.384299300000000130e+02 -8.334967699999999695e+02
3.042930600000000254e+02 -9.155614000000000487e+02
2.757013200000000097e+02 -9.429441000000000486e+02
3.830856999999999744e+02 -8.801693000000000211e+02
2.643602000000000203e+02 -9.001866999999999734e+02
2.907454200000000242e+02 -8.438814999999999600e+02
3.170626800000000003e+02 -8.191366600000000062e+02
3.691727999999999952e+02 -7.857154500000000326e+02
2.629306300000000078e+02 -9.506010999999999740e+02
2.891385200000000282e+02 -9.973626000000000431e+02
5.029560000000000173e+02 -8.416946000000000367e+02
3.954205299999999852e+02 -8.140634000000000015e+02
2.977021500000000174e+02 -8.509189000000000078e+02
3.989250499999999988e+02 -8.524578999999999951e+02
4.058959399999999960e+02 -7.551639400000000251e+02
2.787092299999999909e+02 -9.343722999999999956e+02
3.571166699999999992e+02 -8.191815000000000282e+02
4.443190000000000168e+02 -8.251657000000000153e+02
3.693698699999999917e+02 -7.812668499999999767e+02
2.851521299999999997e+02 -8.432413299999999481e+02
2.951125000000000114e+02 -8.620461400000000367e+02
3.075518000000000143e+02 -9.151875000000000000e+02
2.897218300000000113e+02 -9.401300999999999704e+02
3.116400800000000118e+02 -9.256647000000000389e+02
2.734684799999999996e+02 -9.518771400000000540e+02
-1.330090900000000076e+01 -6.645876500000000533e+02
3.009968000000000075e+02 -9.707904999999999518e+02
3.990656999999999925e+02 -8.077297999999999547e+02
4.322896000000000072e+02 -8.290814000000000306e+02
2.960156600000000253e+02 -8.236396499999999605e+02
3.879366800000000239e+02 -8.092956500000000233e+02
4.858584299999999985e+02 -7.812467000000000326e+02
2.925203999999999951e+02 -9.163316700000000310e+02
3.851583600000000160e+02 -8.309965999999999440e+02
3.508311499999999796e+02 -8.111349999999999909e+02
3.026406600000000253e+02 -9.158415999999999713e+02
2.963695700000000102e+02 -9.641570000000000391e+02
2.797064199999999801e+02 -8.385546000000000504e+02
3.705543200000000184e+02 -8.677546399999999949e+02
2.298877899999999954e+02 -8.606544000000000096e+02
2.978367000000000075e+02 -9.147557399999999461e+02
4.260538300000000049e+02 -7.959313399999999774e+02
4.615752600000000143e+02 -8.210226400000000240e+02
4.036115699999999720e+02 -8.363165000000000191e+02
2.846088300000000118e+02 -9.460252699999999777e+02
2.700489200000000096e+02 -8.560797000000000025e+02
2.867610500000000116e+02 -8.931902999999999793e+02
-1.722640399999999961e+00 -6.946190000000000282e+02
3.943263499999999908e+02 -8.381195999999999913e+02
4.308072999999999979e+02 -8.024512999999999465e+02
2.110708500000000072e+02 -8.276038999999999533e+02
4.519044799999999782e+02 -7.829311999999999898e+02
2.924283399999999915e+02 -7.782056999999999789e+02
4.147611699999999928e+02 -8.467441000000000031e+02
7.731432999999999822e+01 -5.231820699999999533e+02
2.803854000000000042e+02 -9.298463000000000420e+02
3.210733599999999797e+02 -9.222875400000000354e+02
3.503213200000000143e+02 -7.728505999999999858e+02
3.686422000000000025e+02 -8.600014999999999645e+02
4.122298000000000116e+02 -8.591482499999999618e+02
3.861494799999999827e+02 -8.399682999999999993e+02
4.867460300000000188e+02 -8.027856399999999439e+02
3.114001799999999776e+02 -8.472430399999999509e+02
2.430865200000000073e+02 -8.972179599999999482e+02
3.419255400000000122e+02 -8.664290999999999485e+02
2.616412399999999820e+02 -6.919063999999999623e+02
2.983253799999999956e+02 -9.454003999999999905e+02
2.903980700000000184e+02 -8.767129999999999654e+02
4.972122200000000021e+02 -7.811277000000000044e+02
4.274403699999999731e+02 -8.202056999999999789e+02
2.411059300000000007e+02 -9.054917000000000371e+02
2.802672000000000025e+02 -9.131405600000000504e+02
4.321464500000000157e+02 -7.909741000000000213e+02
3.552334000000000174e+02 -8.399211999999999989e+02
3.566442299999999932e+02 -7.232572999999999865e+02
2.807933699999999817e+02 -9.794000999999999522e+02
1.462959600000000080e+02 -6.737486599999999726e+02
2.278743299999999863e+02 -8.579523299999999608e+02
1.470793299999999988e+02 -9.111382399999999961e+02
4.080907599999999888e+02 -8.236638000000000375e+02
3.194819600000000150e+02 -9.251318999999999733e+02
2.725451400000000035e+02 -8.805080600000000004e+02
3.913507700000000114e+02 -8.185116600000000062e+02
3.977975000000000136e+02 -8.258111999999999853e+02
3.844257200000000125e+02 -7.734115600000000086e+02
4.126243999999999801e+02 -8.140227700000000368e+02
3.006121999999999730e+02 -9.474238000000000284e+02
4.193719199999999887e+02 -8.079755999999999858e+02
3.475672999999999888e+02 -9.442286400000000413e+02
2.670461999999999989e+02 -9.173632999999999811e+02
1.858038999999999987e+02 -8.838595599999999877e+02
3.005455999999999790e+02 -9.072079499999999825e+02
2.367944300000000055e+02 -7.517643000000000484e+02
3.676733699999999772e+02 -8.321601600000000190e+02
4.241230499999999779e+02 -8.234362999999999602e+02
2.711076699999999846e+02 -9.190450399999999718e+02
2.705751999999999953e+02 -9.614406999999999925e+02
4.152540300000000002e+02 -8.752441400000000158e+02
2.795939300000000003e+02 -9.729718000000000302e+02
3.054812999999999761e+02 -9.138769999999999527e+02
2.885952500000000214e+02 -7.051394999999999982e+02
4.250042399999999816e+02 -8.111227999999999838e+02
2.774719000000000051e+02 -7.485838599999999587e+02
2.110012800000000084e+02 -7.102442600000000539e+02
3.063487200000000144e+02 -9.218011000000000195e+02
2.876811500000000024e+02 -8.315827600000000075e+02
3.859370700000000056e+02 -8.924476300000000037e+02
1.884744300000000123e+02 -7.181944999999999482e+02
3.801281399999999735e+02 -8.292156400000000076e+02
8.010065600000000341e-01 -6.749805999999999813e+02
1.581549699999999916e+02 -7.145995000000000346e+02
3.538697799999999916e+02 -7.969494999999999436e+02
3.137905600000000277e+02 -8.206408699999999499e+02
1.727384800000000098e+02 -7.190174600000000282e+02
2.740366000000000213e+02 -7.091409999999999627e+02
3.069061599999999999e+02 -7.158275999999999613e+02
2.612395300000000020e+02 -9.594021599999999808e+02
4.096020500000000197e+02 -8.305173300000000154e+02
2.587733200000000124e+02 -8.672471000000000458e+02
2.643673999999999751e+02 -8.891803999999999633e+02
2.767730000000000246e+02 -9.371584500000000162e+02
2.012621499999999912e+02 -8.667894000000000005e+02
3.726117199999999912e+02 -8.209294399999999996e+02
4.073374000000000024e+02 -8.160824999999999818e+02
4.191034200000000283e+02 -7.967344000000000506e+02
3.120982000000000198e+02 -8.074648999999999432e+02
3.042212799999999788e+02 -7.944555699999999661e+02
2.416781599999999912e+02 -8.080267999999999802e+02
3.101865000000000236e+02 -7.997059000000000424e+02
2.739275799999999776e+02 -9.366787000000000489e+02
4.068964199999999778e+02 -7.846502699999999777e+02
2.143340300000000127e+02 -7.105223999999999478e+02
1.904305099999999982e+02 -7.176504999999999654e+02
2.538304300000000069e+02 -8.925195999999999685e+02
2.791302200000000084e+02 -9.167175999999999476e+02
3.288546999999999798e+02 -8.440173300000000154e+02
4.608720400000000268e+02 -7.906407500000000255e+02
4.454901699999999778e+02 -7.933735000000000355e+02
3.253272000000000048e+02 -9.545755599999999959e+02
3.278088399999999751e+02 -7.061473999999999478e+02
1.856925799999999924e+02 -6.825955999999999904e+02
1.241628649999999965e+02 -7.440127599999999575e+02
3.268998700000000213e+02 -6.501269999999999527e+02
1.372555000000000121e+02 -6.313065000000000282e+02
1.839321300000000008e+02 -7.060893999999999551e+02
2.882598600000000033e+02 -7.213229999999999791e+02
2.330891399999999862e+02 -7.450372300000000223e+02
1.944645099999999900e+02 -7.039746999999999844e+02
2.433999000000000024e+02 -8.739758000000000493e+02
2.887051399999999717e+02 -9.424319500000000289e+02
3.037278400000000147e+02 -7.769442000000000235e+02
2.067722200000000043e+02 -7.709451999999999998e+02
2.288918500000000051e+02 -7.955144000000000233e+02
2.923197599999999738e+02 -9.426994999999999436e+02
9.848278000000000532e+01 -5.296395999999999731e+02
3.399569000000000187e+02 -8.195901999999999816e+02
3.843201000000000249e+02 -8.273369999999999891e+02
2.869572400000000130e+02 -7.290638000000000147e+02
3.448120000000000118e+02 -7.516385500000000093e+02
8.252522000000000446e+01 -5.326684599999999818e+02
3.020321400000000267e+02 -6.351246300000000247e+02
4.293297000000000025e+02 -8.176194000000000415e+02
2.153743699999999990e+02 -8.226423300000000154e+02
2.419915799999999990e+02 -8.381357000000000426e+02
8.848591000000000406e+01 -5.269438999999999851e+02
2.078277600000000120e+02 -7.411106999999999516e+02
1.550528899999999908e+02 -5.805634000000000015e+02
1.716228299999999933e+02 -7.377413999999999987e+02
2.347923900000000117e+02 -7.407618400000000065e+02
1.729382600000000139e+02 -7.300347000000000435e+02
1.335859399999999937e+02 -7.205310699999999997e+02
6.368697999999999837e+01 -5.191803999999999633e+02
2.918545799999999986e+02 -8.986941000000000486e+02
2.622927599999999870e+02 -6.965444300000000339e+02
1.495188300000000083e+02 -7.211282300000000305e+02
2.393832199999999943e+02 -8.379867000000000417e+02
4.047038000000000011e+02 -7.617036000000000513e+02
2.588123199999999997e+02 -8.631244000000000369e+02
2.444938500000000090e+02 -6.311289699999999812e+02
2.228993499999999983e+02 -8.087369400000000041e+02
2.732962600000000180e+02 -6.370215500000000475e+02
1.343862799999999993e+02 -6.896653999999999769e+02
7.679192000000000462e+01 -5.279437000000000353e+02
-2.384809900000000127e+01 -6.879049999999999727e+02
2.509976800000000026e+02 -7.105263999999999669e+02
1.874757199999999955e+02 -8.300289999999999964e+02
3.188876000000000204e+02 -8.536255499999999756e+02
3.237649200000000178e+02 -7.981496600000000399e+02
1.964327900000000113e+02 -8.100711700000000519e+02
1.673110700000000008e+02 -7.969699000000000524e+02
4.415285999999999831e+02 -7.962739000000000260e+02
2.004362500000000011e+02 -8.315361299999999574e+02
1.424162900000000036e+02 -8.384668599999999969e+02
2.227290600000000040e+02 -7.596832000000000562e+02
9.033633399999999369e+01 -5.268111999999999853e+02
1.851236000000000104e+02 -7.611054699999999684e+02
1.575216000000000065e+02 -7.948888500000000477e+02
2.792751499999999965e+02 -9.216075399999999718e+02
1.325856599999999901e+02 -8.622872300000000223e+02
1.783702999999999861e+02 -8.261614399999999705e+02
4.009494599999999878e+02 -7.557391999999999825e+02
2.910292400000000157e+02 -9.459759500000000116e+02
3.054806800000000067e+02 -8.154031999999999698e+02
2.292409000000000106e+02 -7.326413000000000011e+02
2.179581900000000019e+02 -6.135946699999999510e+02
2.352863800000000083e+02 -8.231767999999999574e+02
2.643849000000000160e+02 -6.376730999999999767e+02
2.305338900000000137e+02 -8.342993000000000166e+02
2.790240999999999758e+02 -7.378764599999999518e+02
2.495710400000000107e+02 -9.468329499999999825e+02
1.495285000000000082e+02 -9.089121000000000095e+02
3.234089999999999918e+02 -7.400782500000000255e+02
3.116679399999999873e+02 -9.164007000000000289e+02
3.032702300000000264e+02 -9.613745000000000118e+02
2.737248000000000161e+02 -9.237397499999999582e+02
2.738074300000000108e+02 -9.914090599999999540e+02
3.310897800000000188e+02 -8.393196000000000367e+02
3.874925499999999943e+02 -8.602041000000000395e+02
2.614799800000000118e+02 -9.253500400000000354e+02
1.617828000000000088e+01 -6.780376599999999598e+02
-8.833299999999999486e+00 -6.929578000000000202e+02
1.892267600000000130e+02 -7.626208500000000186e+02
2.060833599999999990e+02 -8.123866000000000440e+02
2.221656000000000120e+02 -7.476636999999999489e+02
-2.539989999999999970e+00 -6.886742600000000039e+02
3.138165000000000191e+02 -8.266856699999999591e+02
1.472940399999999954e+02 -5.731739499999999907e+02
-3.637198199999999826e+00 -6.638907500000000255e+02
3.326351499999999817e+01 -6.896069999999999709e+02
2.666818000000000097e+02 -8.749542000000000144e+02
4.898353599999999801e+02 -8.449747300000000223e+02
2.782109399999999937e+02 -9.585918599999999969e+02
3.069615000000000009e+02 -9.429165000000000418e+02
2.953886400000000094e+02 -9.314162999999999784e+02
1.962611400000000117e+02 -6.934112999999999829e+02
4.272567399999999793e+02 -8.302926599999999553e+02
4.209353600000000029e+02 -8.044344999999999573e+02
3.177095299999999725e+02 -8.313847700000000032e+02
2.817251299999999787e+02 -9.295960700000000543e+02
2.698260200000000282e+02 -8.641950699999999870e+02
2.344369199999999864e+02 -6.560151399999999740e+02
1.546922600000000045e+02 -6.622884999999999991e+02
2.798124000000000251e+02 -9.400114999999999554e+02
3.071220000000000141e+02 -9.169768000000000256e+02
3.950951499999999896e+02 -8.164698499999999513e+02
1.980947099999999921e+02 -8.211459399999999960e+02
2.619856300000000147e+02 -9.876968399999999519e+02
1.994730800000000102e+02 -6.604745500000000220e+02
2.873663599999999860e+02 -9.244510500000000093e+02
7.138066999999999496e+01 -4.947711499999999774e+02
3.510461999999999989e+02 -7.918304399999999532e+02
2.510792700000000082e+02 -7.636571999999999889e+02
1.595382500000000050e+02 -7.324940000000000282e+02
2.121012000000000057e+02 -8.841548000000000229e+02
2.570873000000000275e+02 -8.708100600000000213e+02
2.632683000000000106e+02 -8.786402600000000120e+02
2.444720199999999863e+02 -8.272718499999999722e+02
4.681710800000000177e+02 -8.556287999999999556e+02
1.672079200000000014e+02 -7.045361299999999574e+02
3.654774499999999762e+02 -8.794881599999999935e+02
1.979741799999999898e+02 -8.217699999999999818e+02
2.565399499999999762e+02 -9.458972999999999729e+02
1.720498399999999890e+02 -7.181117000000000417e+02
3.977857700000000136e+02 -8.766656000000000404e+02
2.851936600000000226e+02 -9.407405999999999722e+02
3.823197999999999865e+02 -8.372440000000000282e+02
2.983638300000000072e+02 -9.187835700000000543e+02
1.876940299999999979e+02 -8.325971700000000055e+02
2.781469000000000165e+02 -9.209065000000000509e+02
3.117818300000000136e+02 -6.717099600000000237e+02
1.687342999999999904e+02 -9.157910000000000537e+02
1.708858600000000081e+02 -7.967632999999999583e+02
1.396067500000000052e+02 -7.173569300000000339e+02
8.872578000000000031e+01 -5.180387600000000248e+02
1.769981999999999971e+02 -8.546743999999999915e+02
3.062380699999999933e+02 -7.533051000000000386e+02
1.181065700000000049e+02 -7.617325399999999718e+02
3.608649300000000153e+02 -8.386651600000000144e+02
2.867144999999999868e+02 -9.280646400000000540e+02
2.842201999999999771e+02 -9.312781400000000076e+02
1.825759700000000123e+02 -7.025666499999999814e+02
2.275448000000000093e+02 -7.176006499999999733e+02
3.117533300000000054e+02 -8.233309299999999666e+02
2.620946400000000267e+02 -7.980325299999999515e+02
1.147294499999999999e+02 -7.098280999999999494e+02
7.750556000000000267e+01 -5.194505599999999959e+02
2.609780999999999835e+02 -5.400054300000000467e+02
1.592851100000000031e+02 -6.756096000000000004e+02
1.506113599999999906e+02 -6.877220999999999549e+02
3.083070000000000164e+02 -7.446212000000000444e+02
2.511685799999999915e+02 -7.469343000000000075e+02
1.702667999999999893e+02 -6.663424999999999727e+02
2.646276599999999917e+02 -6.287369400000000041e+02
4.908319700000000125e+02 -8.247935999999999694e+02
1.207514599999999945e+02 -5.525190000000000055e+02
4.155201999999999884e+02 -8.297106999999999744e+02
1.703073100000000011e+02 -8.043133500000000140e+02
2.195274400000000128e+02 -6.906221000000000458e+02
2.627069700000000125e+02 -9.088318500000000313e+02
2.061170199999999966e+02 -8.187726400000000240e+02
2.865944799999999759e+02 -9.535315000000000509e+02
3.156148000000000025e+02 -9.241467000000000098e+02
1.922266999999999939e+02 -7.305588000000000193e+02
1.085929799999999972e+02 -6.664571499999999560e+02
1.550049999999999955e+02 -6.780728000000000293e+02
2.089794899999999984e+02 -7.696436999999999671e+02
2.574885600000000068e+02 -9.212806399999999485e+02
2.404879500000000121e+02 -6.638079999999999927e+02
2.472719700000000103e+02 -7.108560999999999694e+02
2.492922800000000052e+02 -6.314883399999999938e+02
3.276506299999999783e+02 -8.156783400000000483e+02
3.155663799999999810e+02 -9.145997300000000223e+02
4.204519999999999982e+02 -8.147644999999999982e+02
2.212753999999999905e+02 -8.549709500000000162e+02
-3.152162200000000070e+01 -6.568105500000000347e+02
2.682789300000000026e+02 -5.948642999999999574e+02
3.133415499999999838e+02 -7.125550500000000511e+02
2.761753800000000183e+02 -6.431621999999999844e+02
2.205994599999999934e+02 -8.269677000000000362e+02
2.947286700000000224e+02 -8.518649000000000342e+02
2.341164400000000114e+02 -8.144555000000000291e+02
2.639384200000000078e+02 -8.713599000000000387e+02
2.027996500000000140e+02 -8.349563000000000557e+02
2.823298599999999965e+02 -5.230014599999999518e+02
1.920096599999999967e+02 -8.251123999999999796e+02
1.223688350000000042e+02 -8.065997999999999593e+02
3.033362999999999943e+02 -7.655467499999999745e+02
3.682696199999999749e+02 -8.396172000000000253e+02
2.461543599999999969e+02 -8.745763500000000477e+02
3.084474500000000035e+02 -9.420335700000000543e+02
-3.406428999999999974e+01 -6.605933999999999742e+02
