0 564.2513 -2.9574122
1 566.0859 -3.460929
2 555.64703 -425.86694
3 578.02075 -422.48807
4 588.7879 -425.92578
5 588.1255 -433.356
6 559.72986 -423.88977
7 583.9029 -408.7764
8 295.13028 -198.87418
9 302.1474 -537.1934
10 578.005 -430.63766
11 563.95215 -430.10547
12 579.22217 -410.56583
13 574.1374 -410.14206
14 582.6679 -427.14563
15 572.0311 -412.68475
16 574.97815 -402.67795
17 574.34863 -411.047
18 572.7399 -405.08325
19 582.5177 -415.20657
20 583.99164 -411.2741
21 -52.42805 192.4878
22 580.5447 -416.13525
23 293.08252 -526.62476
24 585.75415 -413.9417
25 309.3603 -514.88904
26 578.0494 -415.0116
27 579.2279 -429.33197
28 568.6987 -416.58325
29 304.56317 -523.2065
30 580.2942 -413.1748
31 587.078 -406.85287
32 580.19257 -425.20602
33 553.20575 -429.34995
34 291.69086 -209.73376
35 577.0333 -414.75644
36 586.6819 -408.0172
37 590.11945 -416.62717
38 595.0196 -410.64252
39 577.57495 -417.35938
40 584.82684 -431.147
41 311.7181 -533.52795
42 568.8736 -419.86725
43 296.36224 -544.0781
44 310.24554 -502.5274
45 300.3337 -521.6998
46 -48.644226 192.75177
47 305.8498 -525.16595
48 309.04187 -523.7107
49 298.27856 -510.6097
50 297.5993 -534.6951
51 331.6856 -530.8248
52 325.4209 -528.03687
53 332.78766 -530.8353
54 321.3485 -524.32623
55 304.5408 -523.83264
56 323.54834 -512.32245
57 525.5641 -410.3676
58 306.64316 -521.05804
59 311.7404 -536.14026
60 308.09235 -527.55145
61 311.8552 -525.83136
62 290.22464 -508.0319
63 298.00217 -531.3087
64 315.64575 -531.25635
65 331.33282 -527.20404
66 310.76428 -503.2277
67 324.36295 -540.60956
68 333.186 -534.4431
69 291.61124 -520.80554
70 294.5911 -513.41974
71 309.28607 -530.49554
72 295.60422 -499.26514
73 556.35504 -434.67676
74 560.8127 -434.80606
75 566.4955 -414.40198
76 573.7223 -429.75146
77 579.91376 -413.4375
78 559.28815 -438.78085
79 585.4982 -410.98236
80 568.80853 -415.01062
81 570.11 -418.17273
82 587.1522 -424.8795
83 578.18823 -402.2955
84 574.9389 -410.7044
85 339.19357 -541.7566
86 329.45804 -536.7507
87 299.20413 -512.6193
88 333.39832 -527.5532
89 298.36407 -520.5025
90 337.39163 -537.1043
91 301.3261 -525.0753
92 328.9885 -531.7676
93 307.06287 -508.18158
94 301.93546 -517.9318
95 325.03125 -535.3677
96 335.5335 -540.3458
97 587.29395 -402.28284
98 562.51025 -431.03906
99 563.8891 -430.47794
100 562.7614 -433.5892
101 571.1766 -415.63217
102 575.21063 -409.2873
103 570.86505 -418.7072
104 296.1523 -529.5473
105 310.09296 -522.38025
106 329.42596 -544.39844
107 298.66083 -521.5228
108 297.29395 -528.3892
109 283.7544 -526.9351
110 304.39572 -514.09247
111 268.08215 -528.3828
112 302.0971 -514.94116
113 296.0255 -512.3473
114 290.91068 -524.37427
115 322.3895 -550.54236
116 552.77905 -408.95157
117 577.0064 -418.98688
118 561.8971 -440.2542
119 580.4485 -421.18195
120 279.1872 -542.42957
121 285.23297 -536.1869
122 294.90002 -523.4189
123 298.9599 -510.96112
124 336.98926 -536.32446
125 561.6264 -416.03442
126 285.00012 -532.5059
127 290.16635 -528.4591
128 285.02704 -528.1288
129 301.898 -528.66284
130 -244.9255 532.11475
131 -239.27827 542.03406
132 -273.57257 868.2836
133 -259.84317 545.70764
134 -250.24756 530.33746
135 -246.44102 525.06116
136 -246.26816 528.66626
137 -278.38898 852.14954
138 -282.6067 858.8886
139 -277.64368 856.2995
140 -276.4161 846.4324
141 722.9172 42.374138
142 720.79034 42.068295
143 722.7377 45.468025
144 726.9288 48.297802
145 560.49634 7.807555
146 721.304 46.44281
147 573.68005 9.412262
148 715.3826 -40.95659
149 564.1015 10.211225
150 715.37463 -40.944412
151 -270.0276 560.39685
152 -260.17313 564.04
153 -268.13876 564.5836
154 -261.98157 556.0975
155 -231.53267 541.9679
156 143.48096 480.17456
157 -160.1359 763.36304
158 716.8256 43.09389
159 573.26135 -0.96770585
160 -59.190628 194.4025
161 -53.58712 198.24074
162 567.0419 1.0684206
163 566.3118 15.464598
164 566.99414 -0.5966866
165 561.60895 5.143547
166 570.7457 -9.515863
167 570.4107 -10.136553
168 566.9149 -19.376543
169 -248.35312 564.0005
170 -263.6864 564.6608
171 -234.45654 526.563
172 -254.20143 555.75995
173 -254.12607 543.2403
174 -237.33675 531.4777
175 -264.27435 561.16113
176 -272.03152 558.7542
177 -243.16298 541.7993
178 -41.86569 190.17174
179 -44.528366 192.06302
180 -42.962303 194.40721
181 -235.05795 527.00055
182 -243.8562 520.8509
183 -236.29156 530.17084
184 -160.134 763.36084
185 581.1068 -418.82886
186 -160.13586 763.363
187 724.77527 416.68637
188 727.3207 418.2649
189 571.5702 15.364063
190 -36.82671 199.50636
191 564.8588 2.595708
192 580.19415 6.875244
193 565.8187 -4.149495
194 579.01483 12.359204
195 573.09375 8.305388
196 568.5802 -13.797275
197 561.98456 -1.1486375
198 -277.80994 542.4483
199 -251.27124 537.3834
200 -42.795177 196.25594
201 295.14297 -198.89175
202 563.3141 -425.38733
203 -57.32994 183.24785
204 -47.003784 191.76923
205 -44.1315 191.705
206 488.1142 -452.02448
207 297.0664 -202.48686
208 -45.681976 195.28381
209 -44.554054 192.55719
210 -47.746117 183.0133
211 -52.19135 201.7301
212 -48.32341 197.93481
213 -42.794956 189.49278
214 -45.544415 181.72656
215 -55.534058 183.0592
216 288.50253 -194.72375
217 559.4308 -421.0939
218 -50.807816 213.944
219 -45.76596 201.00253
220 571.85846 16.708614
221 -34.4437 198.88597
222 240.73553 -22.036911
223 288.45746 -514.126
224 -246.94406 560.82513
225 -240.57863 552.45825
226 560.62524 -421.39005
227 588.1205 -426.3949
228 583.17584 -416.60785
229 582.16833 -409.65417
230 582.9813 -419.22784
231 596.7655 -412.6625
232 587.3258 -414.4657
233 575.8834 -414.50455
234 560.92664 -428.52567
235 295.63223 -515.6153
236 306.44553 -527.82544
237 302.95648 -530.76587
238 300.1366 -510.8536
239 299.27475 -518.7848
240 559.6039 -414.0813
241 341.4723 -543.8837
242 579.2964 -412.6085
243 285.12332 -530.11786
244 272.62003 -529.833
245 317.8734 -511.85733
246 341.3515 -532.7909
247 338.1629 -540.95166
248 333.29517 -543.9635
249 576.94556 -424.70026
250 580.03973 -423.93842
251 577.96155 -425.47412
252 575.9943 -423.49432
253 575.65894 -406.20026
254 276.0013 -529.8605
255 322.23242 -512.1736
256 314.73917 -545.95825
257 316.10654 -549.277
258 592.1017 -427.44434
259 580.9917 -423.422
260 263.09686 -542.75183
261 300.88263 -519.34265
262 322.25366 -537.5283
263 343.94562 754.1887
264 376.73865 738.4766
265 407.89413 478.1466
266 355.94556 742.0169
267 367.681 732.6118
268 354.51715 741.0364
269 369.06506 733.93066
270 154.7069 482.36893
271 376.13635 734.8534
272 406.2045 491.99112
273 350.28217 748.0641
274 412.67667 501.56323
275 415.12952 490.38617
276 409.81183 502.9383
277 410.5861 502.0025
278 562.0748 5.2637672
279 715.37463 -40.94445
280 715.79395 -40.77377
281 548.4695 -4.4963603
282 -229.81946 533.3161
283 -238.12009 525.9243
284 -245.24701 540.62177
285 -241.60281 528.07605
286 -237.57028 539.36426
287 -241.30643 538.66815
288 140.60876 480.29416
289 137.64296 471.65167
290 140.40112 480.36484
291 724.7019 40.831837
292 411.16638 505.82416
293 722.4159 42.275948
294 -51.143677 201.73286
295 -40.21042 157.8613
296 -40.12072 192.18161
297 -253.67288 564.21375
298 -44.31898 196.51929
299 -247.4498 537.4417
300 143.62231 456.5476
301 139.6388 462.71225
302 146.15506 478.95154
303 726.6861 419.87424
304 727.83594 418.61728
305 728.80383 422.14935
306 732.95325 416.27954
307 -63.250397 210.13069
308 405.1344 507.71442
309 -33.86465 199.19324
310 562.88513 -6.529869
311 -267.49326 564.08746
312 -336.7775 591.91144
313 -246.93848 523.5579
314 -244.68994 540.12335
315 -8.740188 233.44473
316 -250.13496 520.66034
317 -233.84207 541.1473
318 -241.71126 527.2783
319 162.80113 472.81192
320 -66.135826 225.28664
321 -43.95832 213.76303
322 -42.438156 201.87894
323 -41.537228 190.75331
324 -45.27961 191.1276
325 -43.522156 188.85776
326 -40.224686 193.09753
327 -40.9228 187.75864
328 -40.457043 189.31517
329 -46.928 196.17734
330 -47.398533 195.50974
331 -42.729607 189.04218
332 -37.976357 191.35042
333 -44.130405 188.58156
334 -42.499355 189.7708
335 -49.3648 193.84595
336 -49.576015 191.35835
337 -41.066635 195.07866
338 -39.681114 195.46283
339 -42.25592 188.3772
340 499.4198 -28.688803
341 228.92453 -0.6878859
342 502.609 -25.857944
343 -305.84348 599.86914
344 -259.0845 527.8301
345 -251.1985 527.0025
346 -265.65997 542.70276
347 -328.17456 616.88776
348 -254.81598 555.3786
349 -247.29465 541.85583
350 -253.06801 543.13464
351 587.9807 -423.51138
352 -42.790913 191.54904
353 -45.00582 197.04086
354 -41.978535 197.67899
355 -48.357155 215.85626
356 -49.578663 210.45714
357 -43.492775 189.36725
358 -43.944134 184.62965
359 -45.885155 192.54851
360 -39.27207 187.17816
361 -43.035603 185.42621
362 247.70834 -18.746048
363 290.35614 -202.18361
364 247.52061 -17.99967
365 215.1204 2.104244
366 248.46365 -16.671219
367 299.29935 -56.29802
368 -40.81387 190.4996
369 -35.64113 174.79633
370 295.77063 -61.98734
371 -40.046196 187.3184
372 241.33154 -27.17211
373 242.56442 -29.469492
374 250.46664 -4.78347
375 491.355 -29.683243
376 294.99698 -58.583786
377 -321.97552 613.0635
378 -35.013744 209.34477
379 235.4677 -1.9357294
380 214.22745 6.7139435
381 292.04132 -48.923054
382 235.08398 -5.465632
383 -233.18198 544.42175
384 -276.99265 119.02215
385 -242.30725 535.4644
386 -243.80836 542.29565
387 -240.45453 546.7494
388 -240.58377 550.8582
389 570.64764 -421.4293
390 -55.897827 178.16743
391 -48.35979 186.71674
392 -45.43762 186.16402
393 302.2233 -65.68437
394 300.17612 -54.209805
395 -54.117805 179.20381
396 216.79373 -4.6218815
397 243.65372 -6.768412
398 -44.32396 182.73552
399 294.9971 -58.58376
400 292.39978 -55.03532
401 303.79752 -55.783096
402 -72.40548 183.20801
403 -58.01548 181.63574
404 -279.47784 113.93253
405 588.77625 -418.28293
406 327.8808 -521.1826
407 -44.361237 181.71072
408 146.45766 -477.8299
409 -287.9047 114.74475
410 577.5052 -419.84186
411 -286.51434 114.15513
412 588.50977 -414.12164
413 333.3352 -519.03534
414 325.5028 -521.4145
415 151.71573 -478.78644
416 -286.98212 128.3648
417 285.80396 -541.8611
418 275.8754 -528.5734
419 313.83054 -516.19116
420 307.3775 -519.202
421 318.78952 -517.9953
422 -52.33749 173.42696
423 -494.51157 -100.66878
424 278.19556 -550.8822
425 576.7682 -436.66385
426 573.49054 -406.71564
427 281.82593 -524.81146
428 275.6725 -527.92444
429 326.50256 -544.2541
430 315.2777 -517.95526
431 328.89468 -548.0117
432 321.02585 -535.8685
433 -365.36578 -667.0668
434 61.527397 -770.16614
435 285.61893 -533.4041
436 -236.48282 -848.33405
437 373.73935 739.38226
438 369.737 736.3484
439 368.34628 728.0476
440 346.8108 728.494
441 413.4593 510.53146
442 347.76306 734.5007
443 415.60583 506.7567
444 350.19543 718.6255
445 349.87506 722.4918
446 358.5945 721.01953
447 409.29257 486.16928
448 349.95755 721.5117
449 415.81113 480.85132
450 131.9571 473.39447
451 343.71167 716.10834
452 365.7164 740.2943
453 140.90575 462.19266
454 147.88123 458.51575
455 128.68105 463.47784
456 147.87706 463.47028
457 410.39423 499.18542
458 404.6673 486.22986
459 421.09174 489.7256
460 416.81552 486.97018
461 416.4772 485.79236
462 416.5525 488.53632
463 411.73386 493.4463
464 412.80206 496.94656
465 418.91464 489.58328
466 411.59946 490.4475
467 -23.395382 218.35501
468 -19.431664 213.81194
469 -24.22721 210.81955
470 -10.83576 209.15643
471 -43.45596 196.75455
472 -22.285648 214.88222
473 410.84457 487.26685
474 414.74042 493.07294
475 402.12967 488.04712
476 417.66132 480.5755
477 419.09174 486.10864
478 419.69666 494.3832
479 422.83765 505.79025
480 134.69504 468.87326
481 129.56796 471.75858
482 -12.08742 205.65375
483 143.41704 479.20697
484 147.84802 466.14117
485 149.82954 477.3488
486 412.3503 477.9617
487 -22.370476 213.67816
488 -23.569296 211.25334
489 419.5578 494.1432
490 419.51572 499.43527
491 -42.385826 194.34724
492 -34.79508 202.54915
493 415.21335 478.0148
494 412.3404 504.90512
495 404.7046 515.0593
496 19.011925 234.24359
497 19.18406 230.12694
498 -19.28153 225.02184
499 -11.865248 223.05219
500 3.1512709 228.68585
501 -8.03791 218.1192
502 -13.60915 230.67853
503 152.70204 475.7876
504 136.01508 458.2274
505 398.1842 505.69373
506 391.17984 510.19455
507 411.14545 495.73703
508 427.02722 492.2484
509 -317.70825 617.86676
510 134.10165 460.38174
511 133.70035 466.11658
512 148.68262 453.77133
513 -58.033997 200.20502
514 411.81473 506.9362
515 -9.438143 222.71216
516 572.95355 6.3961887
517 576.58484 12.003679
518 574.0882 -5.7970953
519 582.156 3.302399
520 -317.50586 620.2913
521 -323.4283 612.1798
522 164.47792 482.21265
523 -55.323296 205.31415
524 -33.038475 178.23244
525 -314.62863 624.547
526 575.2864 -16.143745
527 581.1073 -0.8314991
528 -574.2755 766.2147
529 -319.22604 622.4499
530 -574.27545 766.2135
531 -574.27545 766.2149
532 -313.35306 629.2001
533 -260.95584 537.85187
534 -277.73114 547.1654
535 -45.30255 199.26538
536 -45.84046 199.24173
537 -46.89226 198.57571
538 -38.273144 194.27522
539 -34.359562 202.28212
540 -32.701138 204.96951
541 -60.72226 176.80559
542 -51.658817 193.28714
543 -45.778 210.62758
544 -62.00632 211.8685
545 -45.166504 195.64249
546 -44.78872 196.89299
547 -40.693054 191.61823
548 -40.973797 192.05843
549 -44.593727 194.78859
550 -35.917847 201.82977
551 -41.912216 197.12222
552 -31.805939 208.87703
553 -35.883736 203.3352
554 -35.98362 196.18828
555 -31.519768 203.54759
556 -25.404577 208.16617
557 -45.665245 195.76784
558 -42.406483 195.52733
559 -43.36297 193.63486
560 -48.943058 193.17685
561 -44.946495 198.54657
562 -46.305283 195.63815
563 -46.675125 191.13113
564 -40.373466 189.73386
565 -40.60865 170.55713
566 -41.898857 186.37949
567 -40.979187 189.52936
568 -42.5596 187.27202
569 -43.755768 185.6262
570 -49.1778 191.8721
571 -58.18004 129.01413
572 -42.967205 185.84152
573 -46.37069 196.57152
574 -42.89695 191.29259
575 -43.52062 194.20248
576 -44.21507 193.05377
577 -41.094208 186.54962
578 -40.713463 186.70885
579 -43.680157 188.41473
580 -38.600903 184.42322
581 -43.70175 182.95692
582 -40.604103 186.49228
583 -41.874905 195.30006
584 -40.02883 191.24289
585 -45.643497 192.27441
586 -37.652275 186.82437
587 -47.466774 199.21375
588 -46.319958 192.59488
589 -39.14402 191.67175
590 -41.788383 172.54744
591 -46.234608 192.18924
592 -49.33191 190.02968
593 -44.45701 177.93353
594 -44.57085 171.3394
595 -43.47124 192.23434
596 -52.923656 142.63416
597 -50.19021 193.04262
598 -45.349655 195.0891
599 -49.729443 194.15062
600 -48.100838 196.06598
601 -45.913258 198.36916
602 -42.410603 188.70648
603 -42.812634 188.25275
604 -39.727 185.95338
605 -42.641747 185.13237
606 -43.70256 186.17334
607 -49.73343 165.73813
608 -46.09466 184.87067
609 -42.126762 191.73706
610 -47.742195 193.04868
611 -47.212746 179.13702
612 -43.954643 192.87468
613 -45.722076 190.93994
614 -48.316513 192.89929
615 -39.687077 190.80757
616 -42.528454 192.47607
617 -42.290977 189.19427
618 -39.71055 188.43398
619 -45.1162 192.3185
620 -40.117317 184.15039
621 -42.633812 191.8794
622 -38.719276 189.76285
623 -43.257393 186.40909
624 -46.57457 195.39737
625 -48.637527 191.66083
626 -41.23495 196.79706
627 -45.075996 193.13019
628 -54.471584 169.75829
629 -246.75647 554.7614
630 -35.217197 194.83029
631 -53.253197 173.85939
632 -55.730057 175.09306
633 -16.540445 189.08095
634 -26.3562 196.11992
635 -267.98926 116.59503
636 -48.985184 182.26012
637 -282.00568 111.537704
638 -50.77951 181.48184
639 -62.560677 186.90324
640 -31.505814 201.02441
641 -56.64866 219.364
642 -42.652313 180.80215
643 -42.23734 193.2456
644 -41.22173 188.00565
645 -45.392677 188.10068
646 -41.36427 188.35832
647 -43.19108 182.25401
648 -34.57676 195.42572
649 -35.166843 198.69534
650 -37.28781 184.79642
651 -43.31536 184.76523
652 -43.835052 191.5614
653 -44.3713 188.60608
654 -43.84137 190.58377
655 -39.49058 191.68974
656 -76.071106 171.88968
657 -92.05326 -43.19037
658 -45.509113 184.32611
659 -51.01741 178.55875
660 -50.530968 177.59885
661 -50.24521 173.72891
662 -79.95526 6.7821026
663 -27.940712 177.00476
664 -298.75745 118.52496
665 -286.92584 108.39856
666 -284.99252 111.80037
667 -227.78262 135.1149
668 -106.61752 168.27437
669 -244.40187 121.907104
670 -242.64236 122.871025
671 -64.878235 178.36578
672 -98.51055 -38.1985
673 -31.02972 167.6661
674 -33.94585 163.74098
675 -49.88938 168.36923
676 -47.255253 172.83218
677 -44.883274 173.3949
678 -68.535736 63.124947
679 -306.84363 119.57862
680 -243.26093 125.93327
681 -229.54929 130.94965
682 -281.4896 113.08687
683 -286.88037 111.723625
684 -282.6332 109.45741
685 -308.68512 114.37259
686 -285.77567 113.62649
687 -288.71393 111.99843
688 -321.73956 112.68322
689 -96.39752 -32.20759
690 -95.46722 -41.88488
691 -37.637062 191.51428
692 -33.754738 186.46765
693 -39.349873 195.05032
694 -36.69296 193.38007
695 -36.357292 197.96938
696 -34.435856 198.41478
697 -41.248707 189.94362
698 -34.646187 187.92938
699 -32.654373 197.34036
700 -38.997032 193.2869
701 -38.51086 201.71873
702 -77.758545 17.982588
703 -56.662437 132.47108
704 -103.63503 -50.24185
705 -44.314503 193.65999
706 -42.399635 180.00404
707 -99.26546 161.60484
708 -82.98872 156.28061
709 -58.6087 161.57047
710 -78.79765 17.905977
711 -76.99261 16.756283
712 -298.3543 110.39916
713 -50.411263 179.42221
714 -91.75607 -47.23004
715 -94.77672 -50.714485
716 -97.905716 -47.643814
717 -94.98949 -48.601875
718 -97.60247 -48.167667
719 -95.31616 -50.376266
720 -91.00933 -46.72871
721 -81.597435 20.141344
722 -29.737553 200.14925
723 -73.84555 55.849873
724 -81.107414 156.5091
725 -100.2831 -46.554977
726 -95.51503 -44.408306
727 -87.59894 -28.124538
728 -43.600166 174.71724
729 -248.3873 123.98139
730 -45.034256 197.23105
731 -71.61528 65.68009
732 -70.616684 55.65059
733 -78.09871 33.64496
734 -91.08061 -49.316452
735 -95.21382 -46.82505
736 -51.85951 156.9753
737 -47.084633 184.27437
738 -73.74739 54.65085
739 -36.100914 189.03271
740 -74.32173 35.536915
741 -35.340164 186.88078
742 -37.995144 183.94916
743 -94.911644 -47.81959
744 -97.50163 -49.907604
745 -78.562706 28.06386
746 -98.95639 -48.095825
747 -95.96144 -54.39988
748 -95.31864 -40.958344
749 -91.75296 -52.507866
750 -104.45641 -54.605667
751 -303.97333 105.204605
752 -500.91052 -93.9727
753 -501.1891 -94.19443
754 -292.80304 112.10526
755 -291.6404 117.759445
756 -289.17065 114.520065
757 570.17944 -408.7273
758 -360.94052 -657.0647
759 -106.36741 -39.91526
760 -192.95804 -623.3379
761 -615.78864 -240.04965
762 -27.933321 -604.2069
763 -599.67676 -237.02676
764 -27.931946 -604.21027
765 -251.23503 -862.8559
766 281.9924 -530.5349
767 -359.76508 -636.5426
768 -63.56401 -554.8918
769 -359.3463 -665.4776
770 -63.564014 -554.89185
771 -197.66756 -621.0607
772 61.527397 -770.16614
773 -249.83197 -853.8025
774 -253.03409 -857.7522
775 -251.6998 -858.4592
776 -364.38263 -646.84875
777 -232.91321 -869.7816
778 -233.33002 -870.22394
779 -236.16098 -866.9653
780 -234.51128 -864.93774
781 -163.18182 -675.94354
782 -244.78201 -857.9711
783 -244.2376 -861.30457
784 -241.12271 -865.53467
785 -240.89006 -859.36975
786 344.17377 717.65936
787 345.7522 728.52655
788 357.32147 714.8801
789 344.88986 736.7145
790 -14.697858 200.26636
791 342.80228 732.1762
792 354.9518 729.96106
793 357.1588 726.1874
794 -25.513363 226.42938
795 343.29926 728.1011
796 341.7707 725.37744
797 -24.539337 216.53932
798 354.05942 723.65173
799 416.05322 493.04477
800 137.20149 459.2316
801 133.52419 456.35944
802 -20.204575 224.0013
803 4.348175 248.33862
804 -23.183998 214.0844
805 -26.428072 213.86299
806 341.86407 721.5325
807 342.5311 729.1714
808 421.82025 478.22937
809 423.21548 481.16724
810 -11.2199135 216.14798
811 -15.019397 208.90352
812 -23.319118 211.66994
813 -18.571074 216.12154
814 -16.33663 216.75285
815 -22.366144 213.62012
816 -18.362425 208.88297
817 -22.88097 209.04962
818 127.76623 455.62503
819 -17.891947 216.522
820 139.28929 454.98816
821 2.0240407 229.31702
822 413.4537 497.72977
823 221.93365 298.34125
824 -10.902032 240.04984
825 -17.8704 210.62827
826 -18.998455 211.1422
827 -21.141003 213.6383
828 -37.37249 202.8082
829 -24.770664 212.06058
830 -20.22308 207.21231
831 -19.22859 213.84416
832 -39.657692 196.22435
833 -29.658167 204.34763
834 -40.57666 193.50018
835 -26.07033 210.3485
836 -34.399734 202.72916
837 -19.646141 213.94302
838 -30.084192 199.53728
839 -20.415958 211.71875
840 -26.09869 214.98883
841 -47.154003 197.74463
842 -26.495626 212.47482
843 -20.953997 214.68097
844 -34.36633 204.3734
845 -28.784058 205.35027
846 -37.87865 202.0726
847 -28.497406 208.64098
848 -21.708681 218.1838
849 -29.953175 202.37862
850 -28.422379 209.80783
851 -24.52893 207.4212
852 214.00394 305.16376
853 -19.592098 220.65518
854 217.40923 317.9551
855 211.86761 322.23248
856 9.96642 220.48672
857 -29.820747 214.60106
858 -14.58765 207.71799
859 406.2746 494.14792
860 216.0314 318.23727
861 -12.436865 214.79272
862 -50.851673 193.24156
863 570.33154 4.1496663
864 -320.73672 618.53564
865 -322.0163 616.6896
866 -35.682617 213.31969
867 -318.46677 617.9808
868 -320.98843 609.7671
869 -18.589706 200.05043
870 -34.19678 214.67308
871 -15.041445 224.90414
872 -43.63482 193.87079
873 -53.44507 197.59834
874 -41.313164 198.63577
875 -42.80615 196.3464
876 291.30927 -65.2072
877 302.9275 -59.900173
878 -38.01206 211.7373
879 -36.387444 199.82384
880 -38.79891 203.37613
881 -44.385437 190.59924
882 -48.562187 196.0801
883 -31.456722 181.38623
884 -48.8899 187.06404
885 -41.546597 195.10681
886 -43.358757 190.47592
887 -40.721504 192.23398
888 -43.52577 188.0727
889 -45.749283 201.26321
890 -48.823135 206.1384
891 -29.683243 187.0559
892 -69.66514 184.8399
893 -39.98331 196.44516
894 -43.569443 196.53308
895 -46.790413 194.25906
896 -39.33331 198.27467
897 -45.28267 195.31125
898 -52.39212 191.38702
899 -33.301067 204.97482
900 -44.000076 198.25497
901 -35.65041 202.68103
902 -41.17476 194.32944
903 -43.328724 194.04845
904 -32.806328 202.69554
905 -45.834805 187.55368
906 -14.093742 183.37872
907 -31.382553 167.31042
908 -63.049255 192.85219
909 -270.46948 544.0003
910 -15.428223 217.55258
911 -30.587366 209.56062
912 -29.563665 212.36336
913 -48.421265 204.29655
914 -51.429016 199.03491
915 -49.90974 191.04428
916 -49.550026 203.07019
917 -146.65244 153.46072
918 -50.409317 189.39597
919 -44.46262 201.85652
920 -39.98819 200.36337
921 -56.391594 208.9173
922 -40.209465 198.66348
923 -37.058834 195.76611
924 -44.958527 191.7078
925 -40.560894 189.70135
926 -52.074318 201.99509
927 -42.22319 196.9256
928 -47.718567 188.2469
929 -44.832462 192.54385
930 -50.28882 196.90239
931 -35.99029 189.5746
932 -93.488304 -49.272293
933 -288.53925 105.859215
934 -608.5318 383.2163
935 -65.892296 174.05151
936 -607.1721 379.93677
937 -59.123596 176.43372
938 -50.55363 186.65437
939 -24.14151 216.09682
940 -35.109077 173.97142
941 -300.49323 109.44686
942 -100.85076 -42.47433
943 -298.49582 105.82925
944 -299.01724 107.441574
945 -290.2933 112.37541
946 -293.21185 89.11786
947 -297.0816 105.45996
948 -302.82874 107.55516
949 -302.5284 110.171364
950 -249.13954 122.54617
951 -277.238 116.04836
952 -44.58377 189.78116
953 -299.3016 109.4117
954 -104.911835 161.96028
955 -53.124397 184.35773
956 -301.8423 105.28848
957 -62.56666 183.39967
958 -47.13905 190.3913
959 -291.52356 100.20166
960 -293.773 110.842896
961 -299.17444 109.25044
962 -292.81284 90.96778
963 -298.06787 106.28135
964 -293.7827 109.393005
965 -234.67181 129.22946
966 -296.0867 112.71161
967 -83.75453 169.6266
968 -297.4923 112.58972
969 -270.00275 118.65493
970 -261.385 120.90723
971 -268.71222 117.884766
972 -94.92882 -47.99948
973 -80.46912 -71.06502
974 -608.6905 383.05252
975 -272.10266 115.06405
976 -613.8599 377.3637
977 -290.52814 99.560005
978 -296.34717 101.03158
979 -295.97745 111.21532
980 -304.02585 105.020294
981 -303.76535 107.43904
982 -293.79535 100.79445
983 -297.5924 105.1759
984 -299.77362 115.94304
985 -305.1807 106.28862
986 -305.63992 106.213104
987 -103.2119 -48.29225
988 -59.794434 184.40741
989 -105.925385 -46.72894
990 -108.64361 -45.914074
991 -105.30784 -39.93022
992 -94.55182 -46.9202
993 -42.2101 169.7274
994 -84.95388 -58.532753
995 -93.12866 -61.22306
996 -604.9978 393.06482
997 -309.05286 102.5672
998 -305.70312 106.43335
999 -260.7519 127.7087
1000 -87.15312 176.16197
1001 -310.8609 108.114395
1002 -261.56955 127.23772
1003 -46.032593 188.99223
1004 -274.07513 124.33975
1005 -301.70566 88.3027
1006 -287.44498 113.20285
1007 -304.04385 109.4001
1008 -281.89944 117.385796
1009 -103.05673 -41.041183
1010 -96.31456 -43.86297
1011 -38.269676 186.7141
1012 -91.40561 -49.92174
1013 -85.99533 -47.727795
1014 -88.88422 -35.388493
1015 -89.627014 -40.474033
1016 -88.750984 -48.153458
1017 -40.57932 181.36761
1018 -76.16677 30.068935
1019 -88.86105 -49.976543
1020 -88.11589 -49.872856
1021 -74.66416 54.33213
1022 -76.99107 30.3635
1023 -96.13258 -44.412556
1024 -85.224075 -26.163364
1025 -92.93159 -46.53564
1026 -90.34248 -47.490402
1027 -91.549385 -49.925293
1028 -90.94615 -48.21591
1029 -90.97047 -49.796158
1030 -90.42878 -44.42044
1031 -84.56479 -58.170677
1032 -112.41858 -558.9447
1033 -307.4482 106.506615
1034 -312.6707 109.010635
1035 -305.49203 108.028404
1036 -310.3883 112.66841
1037 -311.2638 107.45724
1038 -310.62872 107.64236
1039 -309.32483 108.29151
1040 -308.70465 111.07602
1041 -310.04047 102.39292
1042 -306.4854 102.79972
1043 -307.4154 103.40672
1044 -308.37985 108.306496
1045 -307.28827 107.28489
1046 -309.8877 111.56665
1047 -309.22092 109.07409
1048 -283.74448 118.932
1049 -287.30215 124.41312
1050 -596.0843 -246.44263
1051 -599.58417 -229.74228
1052 -353.8477 -646.9345
1053 -355.78345 -650.6996
1054 -112.39259 -558.92633
1055 -112.54347 -558.98126
1056 -194.72653 -614.9215
1057 -112.39259 -558.92633
1058 -311.31018 89.04984
1059 -498.62646 -97.18812
1060 -665.85785 -331.11267
1061 -609.0607 -231.25482
1062 -592.68195 -231.13867
1063 -595.48486 -237.67789
1064 -660.4068 -329.22458
1065 -359.27985 -649.6314
1066 -341.932 -634.7852
1067 -338.25607 -640.12976
1068 -348.99368 -636.3612
1069 -273.23923 -761.24567
1070 -199.1063 -623.93994
1071 -203.73114 -622.1717
1072 -662.0599 -330.92126
1073 -665.58746 -327.31845
1074 -659.4062 -328.46713
1075 -660.8839 -329.29132
1076 -259.2907 -861.88135
1077 -265.90283 -865.2674
1078 -595.94775 -219.48901
1079 -192.06322 -624.0563
1080 -240.78996 -872.3929
1081 -256.9617 -754.45276
1082 -271.16336 -768.49146
1083 -274.8196 -771.3937
1084 -20.578707 210.15593
1085 -5.2374887 212.11493
1086 -21.562061 210.53772
1087 -20.186306 209.32214
1088 -30.0807 216.5922
1089 -29.786463 206.59563
1090 -14.357858 236.33243
1091 73.343376 380.43765
1092 39.342392 314.159
1093 32.87831 305.35767
1094 -10.633663 225.61882
1095 -20.965603 230.14844
1096 0.10628879 242.2128
1097 -13.250244 220.40042
1098 -24.846287 217.50195
1099 -17.753742 239.7034
1100 17.89963 262.6125
1101 -24.523117 222.28264
1102 -20.88746 218.73114
1103 -21.24992 215.50941
1104 -18.785307 219.59064
1105 -29.62331 229.6394
1106 -23.031141 212.53397
1107 -31.765764 210.3299
1108 -37.912643 196.21646
1109 9.807384 237.73431
1110 -23.439837 211.05286
1111 -30.679333 237.57979
1112 219.10614 311.79388
1113 -21.682896 218.01877
1114 211.85599 315.1046
1115 208.34145 314.0424
1116 -25.785978 231.8498
1117 -37.45417 199.22182
1118 -28.054455 210.53789
1119 14.851771 266.8135
1120 -8.03092 208.33035
1121 -11.468731 218.16583
1122 -25.917164 217.09769
1123 -21.27422 203.21265
1124 -0.30136704 263.15387
1125 200.4451 309.21564
1126 207.78323 306.6974
1127 212.53116 320.65802
1128 401.2334 500.215
1129 -9.336346 215.18253
1130 -13.480015 212.00102
1131 -16.565441 231.29234
1132 -17.267305 217.70042
1133 -9.470131 214.30885
1134 -8.380329 212.74603
1135 -16.670193 223.84698
1136 -21.20739 189.1128
1137 212.88019 316.14194
1138 205.66202 323.82843
1139 51.725597 264.73523
1140 -182.2361 933.32983
1141 -5.19599 227.15439
1142 1.2892208 222.90372
1143 -17.462885 227.09802
1144 -46.37459 211.41928
1145 216.31238 314.28723
1146 211.43661 315.75433
1147 211.80376 312.46664
1148 215.11583 318.1043
1149 -15.395977 213.23242
1150 -182.23605 933.3298
1151 -48.763206 188.48848
1152 -31.019527 214.23897
1153 -39.636497 192.15407
1154 -36.73294 192.48366
1155 -22.523369 222.7973
1156 -8.1877775 222.02429
1157 -54.696655 211.91306
1158 -39.753113 193.73502
1159 -37.113388 193.3709
1160 -30.829727 171.98769
1161 -30.398474 205.74019
1162 -27.745268 197.19858
1163 -42.76349 196.6695
1164 -46.95611 191.7432
1165 -37.846924 194.3001
1166 -41.594482 193.63786
1167 -62.78222 202.16855
1168 -27.432682 186.44324
1169 -40.73629 197.03479
1170 -55.981422 203.46909
1171 307.29504 -61.384254
1172 -64.32368 176.20323
1173 -28.197138 177.0318
1174 -45.62529 189.77501
1175 -24.85134 186.44492
1176 -31.113827 184.02917
1177 -299.838 100.37075
1178 -47.82555 191.63348
1179 -35.29706 191.89795
1180 -614.47437 384.26678
1181 -92.84408 -54.597794
1182 -91.34271 -45.16462
1183 -96.63771 -52.792007
1184 -320.58774 110.22445
1185 -53.937664 184.18637
1186 -38.76139 183.00296
1187 -82.94487 22.720963
1188 -86.467354 -42.938915
1189 -82.32921 -47.25334
1190 -95.968414 -37.93676
1191 -77.65654 30.96422
1192 -91.25397 -48.761135
1193 -95.78055 -45.216576
1194 -94.86332 -38.31031
1195 -95.30487 -38.253094
1196 -81.418335 -53.537464
1197 -76.1987 -48.958336
1198 -96.33682 -49.46043
1199 -615.7427 378.19882
1200 -306.68658 104.478
1201 -275.47812 127.68619
1202 -100.595 -48.80513
1203 -28.305935 182.90366
1204 -37.962906 175.4809
1205 -98.58765 -53.6723
1206 -85.298325 -38.34858
1207 -90.06621 -50.017315
1208 -607.8932 390.92218
1209 -307.89136 108.69917
1210 -308.61673 113.260994
1211 -585.3124 -238.27972
1212 -100.3531 -50.435257
1213 -89.38814 -59.18135
1214 -103.287735 -49.59208
1215 -92.459015 -43.799854
1216 -81.99312 -59.380333
1217 -308.05807 97.32017
1218 -597.70105 -228.04044
1219 -590.9023 -238.28833
1220 -596.3702 -237.14377
1221 -601.9872 -239.84958
1222 -600.35004 -233.6216
1223 -357.90207 -651.0438
1224 -340.07367 -649.31055
1225 -343.5714 -648.1848
1226 -345.9715 -657.3749
1227 -348.5395 -660.12396
1228 -193.72241 -616.74664
1229 -821.586 -34.619843
1230 -602.0541 -232.5992
1231 -653.0991 -151.86371
1232 -654.2231 -144.73738
1233 -354.76028 -651.37213
1234 -350.67795 -639.5919
1235 -340.5574 -663.85156
1236 -347.65887 -639.4294
1237 -345.66492 -651.8188
1238 -341.81427 -657.0432
1239 -341.73517 -636.98724
1240 -269.3789 -770.17847
1241 -384.82053 -615.72064
1242 -198.92264 -617.5046
1243 -610.0272 -233.52423
1244 -672.9061 -149.3034
1245 -657.1906 -151.15994
1246 -640.2243 -164.69597
1247 -641.3183 -146.89377
1248 -648.1129 -160.43039
1249 -344.02277 -641.526
1250 -380.95322 -600.25415
1251 -345.47818 -644.13116
1252 -349.08298 -648.2459
1253 -352.04404 -655.0015
1254 -353.93253 -657.26355
1255 -342.67432 -658.55475
1256 -268.9096 -769.8197
1257 -264.22565 -772.249
1258 -272.70398 -755.8135
1259 17.15749 290.09302
1260 14.006624 282.71808
1261 4.1887784 270.19327
1262 -26.572645 228.28229
1263 658.6621 465.6267
1264 658.6533 465.64243
1265 658.66223 465.62668
1266 31.075623 274.6934
1267 1.6425723 265.93195
1268 -30.549892 240.62372
1269 -4.533749 251.91505
1270 -7.8724403 241.37067
1271 1.8817925 252.34625
1272 -15.519328 214.72928
1273 1.1508262 257.9281
1274 -8.142994 223.29855
1275 -5.984778 235.80484
1276 216.10599 307.04404
1277 208.25598 307.26477
1278 217.63925 325.4665
1279 210.08241 308.34485
1280 -27.518785 243.14348
1281 209.956 317.34143
1282 219.57695 319.96732
1283 208.36664 316.77426
1284 208.03435 328.26083
1285 214.30658 307.02713
1286 215.5003 321.6235
1287 222.21027 323.81586
1288 205.13115 317.04855
1289 396.29398 518.7869
1290 -5.5041695 225.7449
1291 -10.597688 234.82324
1292 -18.417896 227.81451
1293 -19.76959 225.61539
1294 -24.778173 209.02307
1295 10.919371 259.75253
1296 -27.900501 217.28152
1297 200.95703 309.68414
1298 200.87631 326.2506
1299 205.65117 302.6042
1300 205.79637 314.46143
1301 -20.591288 206.83276
1302 217.298 305.5803
1303 214.2389 309.88354
1304 202.36496 314.312
1305 217.66542 307.66376
1306 210.18037 308.1945
1307 205.03859 318.51343
1308 0.42673326 233.67444
1309 4.014857 243.23134
1310 200.9764 311.77454
1311 -24.254692 207.89116
1312 -4.6638837 214.89189
1313 -38.50172 189.47386
1314 -33.977295 196.84918
1315 -60.477062 207.18259
1316 -25.74797 227.19469
1317 -38.60624 211.37221
1318 -37.70575 190.68765
1319 -31.24854 191.87253
1320 -34.129253 193.71454
1321 -39.039608 182.7794
1322 -32.771133 205.99792
1323 -32.2242 191.14821
1324 -29.020403 189.42963
1325 -33.566586 185.89143
1326 -31.934921 174.36095
1327 -601.8896 384.28265
1328 -613.01807 370.99786
1329 -51.775497 206.57683
1330 -48.461033 187.11737
1331 -44.85607 190.56638
1332 -23.72227 191.68881
1333 -490.99768 443.5645
1334 -609.0329 378.145
1335 -490.99762 443.5645
1336 -46.226444 203.22847
1337 -301.35693 128.07741
1338 -36.19396 172.30263
1339 -565.2978 452.58652
1340 -35.421303 142.53201
1341 -310.35577 99.988625
1342 -318.12955 101.91531
1343 -313.1849 95.610825
1344 -666.1036 -181.75874
1345 -317.81296 111.82674
1346 -75.47747 34.791073
1347 -107.02234 -52.985874
1348 -93.12431 -56.554626
1349 -98.80301 -40.858818
1350 -423.2927 -423.13776
1351 -307.4773 93.899536
1352 -317.3637 95.95382
1353 -307.44977 110.48102
1354 -824.0518 33.28993
1355 -310.6517 108.68149
1356 -316.00452 110.54398
1357 -312.14658 110.663155
1358 -320.2821 114.20068
1359 -315.37503 108.60651
1360 -316.35724 109.16419
1361 -317.4828 111.75154
1362 -315.4295 107.1571
1363 -309.14484 123.81509
1364 -355.47452 -657.7732
1365 -379.74945 -615.3153
1366 -423.8538 -404.08673
1367 -822.2571 41.524487
1368 -821.45044 37.83239
1369 -317.79346 123.71889
1370 -597.35284 -236.89917
1371 -336.39056 -642.7548
1372 -382.85556 -618.4927
1373 -379.65802 -603.61206
1374 -821.7096 -27.73209
1375 -301.90137 124.23047
1376 -819.7212 -29.096016
1377 -318.09604 118.05103
1378 -310.25043 117.15285
1379 -303.01425 112.97725
1380 -645.0402 -156.15892
1381 -342.00867 -651.7781
1382 -331.53745 -658.43335
1383 -88.6213 -44.124565
1384 -87.88493 -58.09379
1385 -381.91412 -610.32495
1386 -661.1402 -139.89804
1387 -636.17957 -163.60847
1388 -679.87524 -156.75085
1389 -260.4029 -773.9116
1390 -353.17786 -656.4491
1391 -355.7763 -635.7762
1392 -346.26752 -643.26636
1393 -383.5348 -599.83777
1394 -381.43878 -597.8121
1395 -270.41953 -768.51984
1396 -375.51242 -606.87036
1397 -656.72394 -148.4784
1398 -344.99286 -636.80115
1399 -386.0829 -605.08093
1400 2.9226055 268.80048
1401 44.050518 325.45197
1402 206.10367 318.77185
1403 203.8176 334.33
1404 207.56848 315.74487
1405 -26.837421 226.29807
1406 -32.420765 237.2275
1407 4.75323 226.3569
1408 -10.293854 212.03835
1409 2.5577397 241.28015
1410 -16.18232 232.35431
1411 -0.8532959 231.86325
1412 221.74944 311.9135
1413 220.01065 318.9075
1414 216.3341 313.97397
1415 215.27283 317.78394
1416 209.82231 300.80804
1417 201.47635 312.5861
1418 208.1026 326.3965
1419 225.3994 322.07202
1420 229.70209 316.74384
1421 -11.310179 227.0974
1422 -2.581983 210.79199
1423 -9.887504 235.43138
1424 -31.388786 228.3865
1425 -36.324356 179.20084
1426 -50.3861 182.75089
1427 226.07451 330.84842
1428 -10.085286 223.11455
1429 -16.246065 234.58511
1430 0.95231354 217.64091
1431 21.544613 285.1067
1432 7.1835923 229.5604
1433 -21.666613 227.7816
1434 -26.772614 200.40741
1435 -15.393386 245.71968
1436 -17.83957 229.22905
1437 -39.892918 217.4339
1438 -9.046718 213.88876
1439 -26.08431 218.58112
1440 -20.627464 196.37694
1441 192.32484 318.14426
1442 204.43454 307.54135
1443 -34.17045 218.13826
1444 -28.988905 177.37541
1445 -48.890144 209.23097
1446 -36.672695 175.4639
1447 -26.407213 169.5477
1448 -39.24378 215.66748
1449 -52.093273 211.40671
1450 -59.26291 190.20708
1451 -52.566982 184.26547
1452 -55.639145 202.32153
1453 -46.83464 185.87234
1454 -40.137234 179.18199
1455 -86.912605 -57.169147
1456 -498.94708 445.7992
1457 -490.9795 444.49335
1458 -48.579193 210.70734
1459 -298.19754 115.00864
1460 -30.695477 187.8247
1461 -59.32953 201.01776
1462 -34.331245 181.22165
1463 -43.648586 180.49115
1464 -49.35797 190.44853
1465 -33.838062 189.36324
1466 -40.532173 176.41875
1467 -51.679195 178.38934
1468 -29.328964 166.63443
1469 -494.42627 438.77365
1470 -495.94086 441.7232
1471 -53.918327 205.70786
1472 -39.954056 175.68561
1473 -99.419556 -40.62645
1474 -37.441193 159.65883
1475 -565.2978 452.58655
1476 -291.5311 95.122795
1477 -296.61795 102.060104
1478 -304.93152 111.5555
1479 -309.75745 101.931946
1480 -290.97934 105.75571
1481 -268.44757 119.24512
1482 -102.155 -58.602646
1483 -35.39841 152.39792
1484 -304.89194 108.458374
1485 -317.05603 119.75582
1486 -91.976135 -42.276176
1487 -85.187294 -58.61761
1488 -87.7713 -36.547768
1489 -423.33228 -420.57733
1490 -426.28925 -420.69458
1491 -844.6312 202.96318
1492 -844.6315 203.12155
1493 -306.9768 121.432144
1494 -340.1578 -652.13916
1495 -77.86447 -46.705956
1496 -91.16864 -40.01732
1497 -83.30792 -25.655794
1498 -96.8771 -34.406517
1499 -386.14853 -613.34436
1500 -412.8632 -408.97614
1501 -905.6729 15.3060665
1502 -294.9439 116.62544
1503 -311.37863 115.514824
1504 -344.5072 -662.8688
1505 -347.48825 -657.8688
1506 -340.13095 -650.6669
1507 -357.3926 -650.6172
1508 -92.26945 -57.09674
1509 -387.0297 -599.62646
1510 -389.1104 -614.6709
1511 -899.45746 10.627217
1512 -901.80066 15.552407
1513 -309.74454 115.814835
1514 -641.5648 -152.53896
1515 -349.12186 -663.07117
1516 -397.8981 -600.2333
1517 -396.2875 -600.6848
1518 -393.9906 -599.7941
1519 -379.8204 -606.751
1520 -906.46387 10.033169
1521 -654.84863 -143.09389
1522 -660.26636 -148.3193
1523 -664.5493 -144.16136
1524 -668.7896 -156.12285
1525 -393.63788 -593.1202
1526 -393.61768 -591.47864
1527 -359.1103 -634.7002
1528 -384.25754 -598.27515
1529 57.216133 313.4001
1530 10.953831 275.2782
1531 12.87212 270.59863
1532 22.341133 269.08453
1533 -9.638787 237.18591
1534 -6.7420015 279.00598
1535 201.08636 332.1884
1536 218.38025 318.8165
1537 207.92442 338.21686
1538 157.39392 347.24384
1539 215.54796 323.84174
1540 -11.009608 242.29114
1541 -1.0233247 253.47928
1542 196.55093 323.31784
1543 220.5852 322.92752
1544 218.6987 315.01453
1545 220.03836 321.56183
1546 205.53511 309.92978
1547 -6.369563 248.54707
1548 223.16148 330.93124
1549 205.41107 297.9348
1550 206.20619 318.06384
1551 -17.92622 196.02917
1552 -24.679527 195.6498
1553 -25.435871 178.61658
1554 -16.090332 172.85986
1555 -38.00404 207.63617
1556 -30.983973 206.80544
1557 -55.708244 186.21875
1558 -62.3873 191.518
1559 -57.36481 194.19388
1560 -57.961624 193.22525
1561 -34.49223 163.62686
1562 -23.95051 163.06622
1563 -31.481466 181.6649
1564 -33.55535 215.58595
1565 -23.478497 191.90497
1566 -39.004337 208.94778
1567 -30.147305 195.6186
1568 -490.43353 445.7999
1569 -47.019302 173.0829
1570 -53.157104 199.68408
1571 -42.507812 158.6348
1572 -49.53997 174.82938
1573 -24.403803 162.47977
1574 -491.8431 448.62656
1575 -60.89296 189.5192
1576 -53.492695 195.01096
1577 -41.759678 178.83484
1578 -37.93306 172.28731
1579 -58.44809 202.77121
1580 -47.65907 205.58022
1581 -57.225883 197.14755
1582 -288.27438 93.89548
1583 -27.237463 195.1944
1584 -47.95191 165.88179
1585 -31.320831 181.37878
1586 -50.585114 163.80455
1587 -39.366333 176.06645
1588 -42.903267 164.91661
1589 -68.664986 193.16928
1590 -288.3315 101.06254
1591 -291.047 113.68435
1592 -287.90866 90.94598
1593 -40.87252 174.61258
1594 -40.760864 163.89447
1595 -35.281 169.5323
1596 -288.82404 104.02048
1597 -260.6646 133.5781
1598 -302.54474 122.77193
1599 -312.59793 120.54984
1600 -318.5613 115.36397
1601 -303.68152 101.594765
1602 -312.6927 102.99339
1603 -306.852 112.73407
1604 -99.09291 -56.79289
1605 -318.08963 105.278366
1606 -313.5643 114.11628
1607 -312.7729 122.82693
1608 -306.20258 113.36556
1609 -96.56693 -60.173225
1610 -89.47188 -36.262493
1611 -82.56301 -47.873253
1612 -84.10752 -46.487442
1613 -96.59337 -54.43183
1614 -85.39816 -59.93222
1615 -426.82184 -431.48392
1616 -844.6312 202.9631
1617 -980.557 108.97885
1618 -323.03986 103.01424
1619 -314.04745 97.97058
1620 -94.46366 -24.46676
1621 -530.24506 -487.12524
1622 -903.6008 21.07301
1623 -975.311 106.84135
1624 -648.4021 -157.45264
1625 -527.89465 -513.00775
1626 -531.34814 -494.90994
1627 -538.99786 -484.59418
1628 -970.1679 94.6246
1629 -650.3369 -162.29636
1630 -654.12103 -159.19392
1631 -656.0856 -161.93428
1632 -736.80225 -656.6082
1633 -749.7332 -649.4217
1634 -719.0805 -682.21204
1635 -395.99213 -605.1173
1636 -391.69263 -607.09753
1637 -390.66684 -597.4726
1638 -613.03687 -177.2991
1639 -651.5454 -153.00595
1640 -737.93176 -659.91095
1641 -742.7221 -645.79846
1642 -740.4703 -636.5929
1643 -390.61737 -588.01904
1644 197.70415 315.29147
1645 205.86902 314.2525
1646 226.32324 322.07413
1647 -12.496737 201.63129
1648 -19.648178 194.5851
1649 -36.250416 206.75383
1650 -18.761547 206.79564
1651 -22.819992 190.50316
1652 -37.322563 207.09607
1653 -56.287857 179.16199
1654 -50.22848 185.84918
1655 -27.261578 191.41202
1656 -20.027401 185.61581
1657 -20.755196 185.77219
1658 -26.17128 192.74448
1659 -525.75757 443.9572
1660 -25.371033 176.7041
1661 -525.7576 443.95728
1662 -55.35345 212.36551
1663 -48.414337 205.71196
1664 -45.588196 208.54193
1665 -267.7997 123.79048
1666 -320.38815 108.50563
1667 -91.41716 -37.125122
1668 -101.975296 -38.016487
1669 -302.26633 90.2208
1670 -320.84375 113.49349
1671 -320.04126 105.85858
1672 -318.13504 98.396454
1673 -379.49243 -363.9132
1674 -89.24957 -65.378685
1675 -993.5327 107.594925
1676 -986.8003 111.86664
1677 -318.82196 102.867065
1678 -317.2913 114.47279
1679 -355.94577 -641.3417
1680 -73.10817 -63.21226
1681 -533.35455 -483.74783
1682 -534.5519 -476.3492
1683 -974.63556 102.617065
1684 -984.20996 110.54264
1685 -976.49176 94.64199
1686 -967.98456 106.14373
1687 -332.37738 95.96924
1688 -315.77228 130.00627
1689 -743.5089 -646.655
1690 -388.8933 -582.38257
1691 -745.93085 -654.10187
1692 -401.57654 -583.81067
1693 -386.0241 -582.2941
1694 -533.0686 -514.595
1695 -974.0931 96.55611
1696 -739.62024 -649.9741
1697 -741.7581 -653.089
1698 -741.13837 -648.4903
1699 -742.5257 -649.18896
1700 -390.33066 -593.8887
1701 -395.68588 -602.67224
1702 5.073774 253.40027
1703 190.33499 304.93936
1704 21.042255 276.74982
1705 -27.403309 231.83969
1706 -22.771996 202.48318
1707 -28.546818 190.96504
1708 -36.159607 221.5288
1709 -66.09715 203.80394
1710 -998.2405 106.84587
1711 -49.435825 214.58704
1712 -995.1773 105.523834
1713 -326.4585 83.44941
1714 -317.76172 88.5638
1715 -316.68948 90.710434
1716 -331.05515 109.68854
1717 -379.49194 -363.91302
1718 -80.66989 -64.35967
1719 -310.05243 -306.7352
1720 -77.640976 -59.520798
1721 -89.18862 -61.705475
1722 -310.0524 -306.73523
1723 -985.0631 110.31254
1724 -325.93677 101.02992
1725 -324.2359 113.49646
1726 -323.96655 120.71473
1727 -361.00165 -642.7682
1728 -379.49164 -363.91333
1729 -79.66333 -66.6313
1730 -310.05405 -306.73175
1731 -1020.8619 83.27224
1732 -318.20337 117.80075
1733 -743.0988 -658.3163
1734 -736.03827 -653.1312
1735 -919.44794 -606.03564
1736 -1021.7566 81.51019
1737 -1018.30835 87.54283
1738 -1027.2264 88.25557
1739 -925.70197 -619.14087
1740 -15.471272 238.61879
1741 -27.557295 189.95012
1742 -38.84511 176.89317
1743 -276.79187 124.34772
1744 -331.33212 106.11878
1745 -318.26508 118.51246
1746 -82.645294 -53.66537
1747 -96.48564 -66.87438
1748 -325.39624 91.96112
1749 -927.24396 -607.3441
1750 -929.24036 -610.9624
1751 -946.33484 -595.7557
1752 -1018.6036 72.242004
1753 -273.77377 134.38907
1754 -1020.0561 410.01038
1755 -1020.0559 410.01398
1756 -1020.0558 410.0139
1757 -1020.0555 410.01398
1758 -326.73676 114.51458
