1 122.86443 266.59967
1 125.4869 252.64305
1 -110.01028 -27.430225
1 140.37852 246.77266
1 -113.65774 -23.05876
1 -118.389404 -10.001436
2 -130.39973 -17.76724
1 -118.38216 -23.310295
2 -110.2741 -17.69098
2 -53.722042 -120.984
1 127.30752 -46.200336
5 -14.659469 -111.18789
1 121.94164 257.68228
2 -131.24754 -14.563158
1 121.64652 260.38885
1 125.06378 -47.54935
1 117.574455 258.14523
2 -123.61165 -12.407012
1 123.08553 255.25975
1 126.58382 241.23877
1 132.35812 -52.87988
1 131.16109 257.38037
2 -66.222885 -91.28014
1 -117.42529 -20.57105
1 127.41338 -47.535515
1 -119.80562 -14.237498
1 118.79817 251.56587
1 -117.57314 -18.476833
2 133.63318 -54.27738
2 -131.89412 -21.656364
2 -110.44299 -17.866997
1 -130.38326 -24.43884
2 -124.9573 -8.912767
1 128.66374 -53.4441
1 131.35689 -52.351437
1 -16.734724 -117.36903
1 -110.76133 -19.703106
1 -113.28784 -19.082512
1 119.24857 -57.105343
1 -120.29922 -25.795881
1 -116.435936 -19.96711
1 -120.47695 -16.949184
1 132.69817 -60.354614
2 -128.8347 -16.051088
1 -121.1949 -18.298235
1 -6.637263 -100.87386
1 -5.8302073 -112.621155
2 -123.33616 -16.919765
1 119.21989 -60.494274
2 -129.58594 -19.25981
1 141.11949 259.19113
1 118.23246 254.02324
1 130.18054 -56.703316
2 -128.60075 -26.082417
1 126.78894 249.46587
1 127.95575 244.70288
2 0.098174006 -123.53365
1 133.65947 -50.137295
1 128.3759 261.2778
2 -116.425224 -16.515856
1 128.18596 -55.068726
1 127.9318 -55.338024
1 -117.93621 -26.618708
1 -131.13826 -21.334265
1 -131.776 -14.002746
2 -75.02585 -90.00832
2 -124.42439 -13.661876
2 -9.479341 -114.56227
1 136.52701 253.07637
2 -136.8446 -16.660128
1 -119.760574 -20.429815
1 128.07625 -55.414593
1 -112.17454 -17.408037
1 -122.00759 -22.161882
1 -120.78772 -11.3791065
1 -120.36343 -20.609154
1 -114.89593 -18.862688
1 128.51854 -59.65943
2 -116.76653 -17.009453
1 -118.39302 -19.161444
1 -8.542402 -115.72872
1 -96.631454 -40.55674
1 -116.19778 -17.109234
1 131.16008 -54.45344
1 10.771399 -135.1193
1 -13.11086 -106.77267
1 -122.313866 -9.036647
1 127.346985 251.69246
1 -5.265205 -121.136475
2 -10.864228 -109.63952
2 -1.2783641 -109.19268
1 -12.484175 -111.59955
1 -120.12188 -12.849532
1 -13.286971 -112.22057
1 121.54781 -50.386177
1 118.62772 259.99716
1 -9.347639 -115.298096
1 -122.615654 -14.702254
1 -14.519027 -114.63882
2 3.3173878 -108.320274
1 129.40294 -52.25467
2 3.5646656 -110.001366
2 -49.334736 -127.14585
1 -120.626175 -22.86018
1 124.479004 -41.519016
1 -124.23557 -9.428954
1 123.97957 -53.679737
1 126.647644 248.85503
2 -115.05418 -17.260942
2 -113.41074 -48.595642
1 120.08207 255.26118
1 -6.688984 -113.9261
2 4.0328298 -106.246414
1 -120.97227 -17.063147
1 124.15515 250.62065
2 -71.54607 -124.42565
1 123.69167 254.69962
2 -15.664779 -118.626236
1 125.05562 -53.697735
1 126.84596 -55.310547
1 -122.94441 -21.447157
1 -118.76892 -18.351345
1 -120.36023 -19.737368
1 -18.499935 -107.85844
1 127.622086 256.0983
1 125.528465 253.05455
1 -119.31445 -26.006926
1 126.35154 254.13615
1 136.4111 -50.519764
2 -4.3612742 -116.002235
1 -11.508332 -116.68953
2 -123.73704 -9.208348
2 -130.71959 -7.6824694
2 -119.49326 -10.038091
5 -101.80419 -37.969746
1 125.524284 254.10973
1 -109.05657 -14.972545
2 -122.65423 -16.484417
2 -110.09283 -18.817236
2 -84.90467 -35.855473
1 -19.10771 -114.6537
2 -61.7158 -126.82804
1 -8.928816 -120.78823
1 129.89984 249.21599
1 117.972435 -39.355785
2 -123.52673 -7.8706164
1 126.97259 -52.967205
1 -94.3507 -35.540684
1 -2.5241039 -111.22432
1 -121.869995 -20.613157
1 123.29502 -46.35517
2 -114.95022 -19.025108
2 -55.736614 -123.316124
1 -9.265852 -115.595604
1 123.39998 -60.510406
2 -114.84258 -15.481432
1 -116.7241 -20.8077
2 -59.77409 -119.23516
2 -74.892815 -88.7262
1 124.87475 -52.07963
1 -119.984695 -19.132301
2 -7.537678 -119.2793
2 -70.87265 -87.31225
2 0.13527118 -114.06374
2 5.3654227 -107.90303
1 123.75403 -55.172493
1 135.6438 -52.56201
1 -9.798091 -116.174034
1 123.58965 -63.110645
1 130.96655 257.90805
1 -119.12278 -9.200572
2 -97.54249 -45.94065
1 -120.695335 -21.03681
1 130.48848 249.58748
1 127.632256 -53.985912
1 -121.449394 -13.542315
2 -121.90008 -20.368725
1 129.48015 -51.182846
2 -118.599686 -11.871798
1 128.3609 -62.211853
1 127.90104 -55.728527
4 118.95138 -51.989666
1 -122.97161 -15.806285
1 -14.568367 -110.06183
1 128.72992 -43.84464
1 -127.58779 -23.892092
1 -12.276203 -112.94492
1 -126.52056 -19.03466
1 -124.28704 -14.81718
5 -111.47715 -17.807417
1 -5.5410476 -114.69517
2 -120.81321 -17.581205
2 -6.3653636 -115.43685
1 -125.83572 -12.717147
1 132.21011 -47.72236
1 132.5012 -42.448223
1 -113.19314 -15.71379
1 -127.69568 -8.3051405
1 -125.687355 -23.790854
2 -9.386689 -107.95786
1 117.66003 254.11092
1 -123.71755 -12.694911
1 115.818726 252.97891
1 131.62962 -50.32854
1 -117.22283 -20.552267
1 -121.06573 -23.555874
1 136.02765 -58.187
2 -116.87866 -22.048565
1 -21.953718 -111.01868
1 -120.7409 -21.915773
1 121.902824 249.98038
1 -14.471908 -120.262405
1 131.13377 -63.606068
2 -0.94632065 -115.38776
1 -111.60996 -17.645063
2 -119.82312 -18.800436
1 -121.15444 -19.21014
1 -7.5556345 -117.05739
1 -5.979463 -104.2792
1 132.24672 244.90462
1 -111.680275 -27.483809
1 -119.06573 -12.449473
1 125.53307 254.2314
2 -112.41506 -10.177544
1 128.19075 260.94028
1 122.36102 261.8325
1 -9.029609 -113.565735
1 -23.121334 -110.17852
1 129.84918 262.75485
1 135.5869 -56.844666
1 -120.92561 -15.814119
2 -119.36804 -16.991117
1 127.344444 240.0738
1 -8.40882 -113.59027
2 -123.24932 -16.97842
1 -16.440254 -113.16579
2 -115.66099 -11.969264
1 -116.16736 -16.960472
1 120.516014 241.3366
1 -94.47752 -36.18999
1 -121.030785 -18.683111
1 -126.24658 -6.56924
1 122.07926 246.82896
1 -118.287895 -20.945644
2 -8.493671 -115.93886
1 119.30623 -61.89746
1 125.46093 -56.468018
2 -111.99554 -13.161522
1 125.83117 251.85909
1 -122.70855 -19.915361
1 130.06476 -56.2243
1 125.19451 -50.4398
1 128.48283 -55.008736
1 115.89693 246.35425
1 127.12455 -53.41997
4 128.36458 -50.613224
2 -133.50223 -22.39499
1 -114.62798 -20.471846
1 130.9186 245.74345
1 -118.61883 -19.250973
2 -125.573906 -23.408758
1 -126.71472 -26.27338
1 114.62005 254.93965
1 137.4727 251.74174
1 125.299736 257.81583
2 -68.16296 -102.4882
1 137.14006 258.40308
1 -126.68772 -19.431856
1 126.947105 -54.79837
1 -16.62336 -105.58622
1 -14.998885 -109.47599
2 -8.972004 -114.297905
1 -123.81831 -27.484037
2 -50.69804 -127.0003
1 -93.99392 -39.27825
1 124.00543 -54.73675
1 134.13443 -44.784473
1 -8.184333 -119.00276
2 -10.632648 -110.27091
1 -126.88906 -18.309858
1 122.816444 245.5131
2 -91.046005 -46.958508
1 -96.33029 -41.330208
1 -122.31768 -18.25161
1 122.79439 256.92255
1 -9.593696 -105.705315
1 -10.329499 -106.17954
1 123.52168 -55.417156
1 128.80315 -53.406525
1 -7.9131784 -112.057205
1 131.17197 -52.656757
1 -76.402435 -96.87716
2 -57.77651 -124.38454
1 135.35374 244.1856
1 -9.304206 -113.58301
1 127.738846 251.23418
1 -1.7744211 -117.84694
1 126.8927 -44.194225
2 -122.24927 -5.0272937
1 121.08516 250.30688
1 133.53754 -42.30469
1 122.269 -45.86308
1 -8.248518 -119.71
1 -123.74507 -23.40407
1 129.50726 252.41454
1 -12.625886 -120.04055
2 -52.522064 -124.38152
2 -5.5492873 -108.1886
1 112.08386 256.02988
1 -109.31899 -20.88912
1 -119.79744 -22.149817
1 -102.20202 -44.926037
2 -116.30096 -15.952834
2 -131.20616 -21.792137
1 137.51248 -47.169888
1 -126.7409 -11.910448
2 -30.974115 -78.4411
1 127.2091 239.67583
1 127.2643 -53.427723
2 -4.6258864 -119.30206
1 -123.965164 -19.775541
1 129.80894 -52.896145
2 -56.445538 -120.666504
1 128.64946 250.79063
1 126.58932 -51.198704
1 -9.242183 -111.276184
1 -97.19687 -42.46179
2 -122.19192 -22.546022
1 -12.094941 -113.93959
2 -74.02648 -89.72328
2 -9.467231 -120.42623
2 -118.89685 -17.31433
1 131.63994 -53.967495
1 125.7907 -56.64507
1 119.8409 -49.381966
1 122.843376 257.03043
1 -8.67685 -115.494286
1 128.28862 241.69473
1 -7.515644 -113.530334
1 -9.025874 -114.105675
1 -121.72234 -16.398012
1 127.424675 -53.22395
1 -6.1107006 -116.35154
1 125.51119 -48.181953
1 122.729065 -50.24284
2 -121.80613 -20.134422
1 -10.761445 -112.400734
1 127.53877 -53.34806
4 -6.4962716 -107.412315
1 122.66439 250.78862
1 -117.49241 -19.455324
1 122.347984 247.19083
1 121.74963 256.6333
1 -15.60085 -115.75763
1 -119.55666 -18.359575
2 -13.813814 -112.66422
1 125.4244 248.1461
1 128.02733 238.91118
2 -112.52618 -46.481625
1 130.61403 -51.211617
1 -122.41028 -20.869457
1 121.5678 248.34985
1 -131.6073 -13.107722
1 -2.2987254 -115.95321
1 -1.5070628 -117.205666
1 114.74398 244.39427
1 136.73195 -56.717896
1 -9.843085 -113.3271
1 127.4485 -41.359203
1 -10.863325 -112.29186
1 -127.244286 -16.374071
1 127.88415 -43.77377
1 127.671265 -54.98039
1 -3.5123487 -116.861404
1 116.03716 261.2778
1 141.38799 246.30528
1 126.71366 -51.337574
1 -112.58203 -22.348024
1 -13.208931 -116.14538
1 -127.83462 -10.220324
2 -8.214961 -100.27717
2 -12.372748 -112.70022
1 128.48524 260.48627
1 120.01714 250.92381
1 126.32047 -38.55885
2 -110.17576 -19.856686
1 -3.6952465 -109.294395
1 130.05844 -60.07782
1 -118.841484 -21.735762
1 -124.55633 -7.3176894
2 -115.54114 -17.11069
1 -120.60457 -25.898268
1 -120.56067 -16.586922
1 131.77827 247.96182
1 129.83887 246.86662
1 -129.93237 -11.836619
1 123.720604 245.72618
1 -96.93313 -40.111904
2 -117.594604 -14.829936
1 -9.175129 -115.75506
4 -1.1875194 -111.21968
1 127.237465 258.94427
2 -51.610348 -121.78637
1 115.52865 -44.729923
1 134.2381 -50.91901
1 -18.05771 -122.98937
2 -98.836784 -43.79404
1 -119.1804 -21.062492
1 128.3805 -49.976677
1 130.04771 -55.84372
2 -131.46732 -9.636413
2 -79.84809 -95.60955
2 -117.48647 -28.03305
1 121.8329 247.86507
1 -4.545112 -113.03949
1 125.9474 -46.026623
1 125.97662 245.41463
1 -118.64153 -21.171719
2 -17.590292 -114.16217
2 -121.738304 -17.090925
1 129.24266 261.36386
1 127.87154 -59.702206
2 -60.683895 -124.51393
1 129.37604 -51.729378
1 137.66687 250.2401
1 136.21327 -58.802074
1 131.4829 -57.019604
1 121.83556 -47.971165
1 147.63937 235.10393
1 127.72704 -54.425854
1 -118.278496 -19.911556
2 -15.325447 -118.64468
2 -6.419819 -116.88869
1 130.55954 248.16333
1 -9.350752 -114.47625
1 134.01595 251.7231
1 131.28148 -50.363857
2 -97.35949 -41.17126
2 -127.800026 -20.370327
1 122.44338 -46.72601
2 -114.060814 -12.067064
2 -116.76333 -23.235334
1 126.64962 260.44272
1 139.90453 -50.27469
2 -75.2754 -86.19894
1 134.58244 -42.837334
1 123.56083 257.02765
1 -127.64837 -14.166252
2 -116.19214 -15.884331
2 -90.6365 -93.96904
1 -1.0167308 -121.58788
1 -120.93716 -29.508055
1 -124.019066 -16.73377
2 -122.104004 -15.5960865
1 -7.1409616 -118.92511
1 126.55054 249.43262
2 127.21216 -45.311527
2 -132.50137 -19.748592
1 125.33937 -61.66502
1 -9.451862 -110.68029
1 -73.1941 -92.29366
1 134.53267 249.16812
1 -9.420295 -110.86074
1 132.0284 -46.08012
2 -121.47793 -13.377345
1 -15.098897 -120.43151
1 129.52928 -53.256298
1 -6.816047 -103.51812
1 123.61944 -57.642788
1 -123.19395 -7.703426
1 -113.379326 -11.354949
1 131.48047 -53.932125
1 -125.60359 -26.640656
2 -112.92786 -29.206705
1 -7.1878853 -118.896416
1 -118.865776 -17.581518
2 -102.185936 -47.96212
2 -69.20191 -103.62121
1 -123.42124 -26.276777
1 -10.641841 -110.17901
2 -12.6469555 -109.20449
1 -10.731452 -120.67724
1 -128.0247 -21.44064
1 125.61969 252.46744
1 -120.956276 -11.294893
1 116.837944 247.37883
1 -12.084089 -113.57571
1 -6.2050853 -109.100334
2 129.2868 -44.81572
1 -118.74788 -17.025026
1 -119.60398 -19.421267
2 -52.810677 -120.28939
1 -106.47009 -12.655166
1 -8.216658 -115.06048
1 123.36614 260.56003
1 126.58195 254.56966
1 -123.18011 -17.450584
1 123.590614 239.40388
2 -101.3124 -46.37204
1 -121.11865 -16.73332
1 135.07878 -47.44809
1 -9.154829 -120.61483
1 136.5227 250.78474
1 -97.32675 -39.296223
2 -44.77967 -124.98788
1 -115.16943 -12.575396
2 -7.338325 -115.169426
1 -120.181786 -22.970345
1 127.53428 -49.699978
2 -108.95721 -26.778625
1 -9.428315 -113.69116
1 125.52244 -59.058655
1 -11.462764 -121.87545
1 -15.114364 -112.158424
1 128.53242 253.31631
1 124.561356 -54.211544
1 129.53429 -52.13877
2 -13.247945 -113.65481
1 -122.79524 -26.316208
2 -72.31235 -98.506256
2 -4.0333447 -125.96948
1 -123.49749 -15.749404
1 -12.485969 -121.66416
1 -122.26597 -17.988653
1 112.886185 258.60645
2 -10.190449 -124.01312
1 -122.19529 -18.046629
1 125.79175 -53.914074
2 -117.55833 -17.019585
1 127.7026 -54.973907
1 -118.1781 -19.149263
1 -132.08122 -6.179381
2 -85.948875 -36.41285
1 133.93262 262.556
1 125.505714 -57.175976
1 -16.46185 -122.61454
2 -59.98881 -125.71725
1 120.60485 -48.210674
2 -21.72878 -117.484146
1 -2.7833323 -111.99563
1 -9.833149 -110.89953
1 -7.73039 -111.04591
1 133.56949 -46.955017
1 -121.05491 -18.476835
2 -71.119514 -126.67019
1 129.09598 255.99483
1 -7.635517 -115.056946
1 -119.01833 -12.678386
1 130.90228 258.67108
2 -124.20623 -17.049324
2 -125.47754 -27.26799
1 -114.506714 -18.613914
1 125.170166 240.41153
2 -70.34991 -89.27576
1 127.44503 251.37254
2 -11.977924 -114.001305
1 -50.29035 -101.37383
2 -119.77122 -13.228063
1 130.20607 -53.411415
1 124.00321 252.11333
1 130.00377 254.39893
1 -7.6770945 -112.811455
1 122.915306 259.78436
1 130.52791 -50.617706
2 -125.21555 -15.087108
1 125.6006 -61.686554
1 121.68422 251.40926
1 122.70924 264.6923
1 126.252686 -52.982178
1 134.11497 -49.913174
1 -7.15854 -114.7043
1 130.9229 256.42
2 2.7291555 -114.75177
1 4.066436 -117.53015
1 -94.88022 -98.25969
2 -122.585625 -14.067131
1 148.84389 236.844
1 -118.801735 -21.3234
1 -126.65344 -19.437984
1 124.83871 251.80266
1 -114.669365 -29.04598
1 -117.98765 -18.15606
1 -9.515901 -117.30865
1 131.04997 248.222
1 130.49803 -42.26542
2 -107.06704 -39.82167
1 -9.999213 -111.82301
1 -7.4988837 -114.22195
1 136.71216 -52.309834
2 -118.14182 -19.144747
1 -131.22757 -18.160406
1 126.8424 -54.73407
2 -97.8886 -95.46335
2 -9.1594305 -116.759605
1 -121.81807 -20.42384
2 -57.2326 -115.3724
1 134.786 254.09688
1 -99.71279 -38.369724
2 -113.169975 -28.44253
1 -116.473145 -17.005682
1 130.91917 -47.828655
1 -8.89809 -110.920975
1 -120.733765 -18.562954
2 -15.88254 -116.932
1 -118.72784 -20.900393
1 117.73275 -60.37805
1 125.6155 254.29541
1 -9.395381 -114.40944
2 -118.12117 -16.92885
1 124.00079 243.48299
2 -58.600018 -123.67782
1 -10.415327 -110.440994
1 122.518715 253.83342
1 127.659134 -48.60277
1 -119.53985 -16.752102
1 -8.409809 -113.07012
1 -13.405159 -111.858055
1 122.39559 256.21368
1 -2.5145578 -106.299965
1 -12.278022 -116.78643
1 124.45992 -55.298817
1 128.6728 -50.609184
2 -11.862031 -120.47333
2 -119.05762 -11.226555
1 -6.9014106 -120.97057
1 -119.61318 -19.771904
1 113.41872 241.20287
2 -93.58507 -43.3271
1 -112.90183 -18.64082
1 129.02916 -56.57781
1 128.07616 251.4947
2 -49.47636 -126.21779
1 -8.903413 -114.835915
1 123.898 -60.186214
1 119.35231 252.53914
1 -113.1489 -17.644985
1 -117.90901 -20.231726
1 -13.08741 -110.34894
1 -5.7710032 -106.09297
1 -9.975678 -114.87975
1 132.94862 261.0546
1 123.81435 250.83427
2 -53.476692 -122.58517
1 136.53029 257.57535
1 123.79154 254.72185
1 -13.188094 -116.36041
1 -11.82923 -114.598625
2 -119.54529 -13.147628
2 -9.673237 -113.64628
1 121.67715 246.71666
2 -62.475445 -126.384705
1 -2.9739451 -119.5178
1 -119.82847 -22.88014
1 -60.789436 -119.73339
1 -110.09631 -25.73822
1 -8.672492 -113.51565
1 -117.073906 -21.766546
1 -6.2425365 -113.47689
1 125.663536 -64.35524
2 -3.6944044 -105.46718
1 -3.7599561 -113.772484
3 -7.706147 -118.85866
1 121.891884 243.83861
1 -7.2919135 -116.925415
1 134.25836 -51.25932
1 -14.7966385 -119.75008
1 -109.26638 -19.053053
1 128.60396 250.9672
1 122.30902 -50.038776
1 127.018105 -44.716946
1 115.959854 242.28557
2 -129.85034 -13.369616
2 -128.86775 -10.404506
2 -112.02832 -17.750063
1 136.59833 -48.465702
1 127.10874 250.95157
1 -8.756526 -110.747246
1 127.37561 -52.12895
2 -118.569824 -24.844881
2 -100.44162 -43.01919
1 -133.88792 -13.059453
1 -119.73211 -15.821441
1 131.82257 252.85606
1 -118.25091 -20.9625
2 -6.221626 -117.95165
1 -94.074066 -39.3218
1 127.794754 -46.440075
2 -123.0532 -16.817177
1 125.16231 248.28755
2 -56.419037 -108.84261
1 124.145805 254.06706
1 117.4969 -49.3666
1 130.47075 250.93575
1 -1.0572337 -106.21616
1 125.81539 243.51646
2 -117.6616 -16.537895
2 -9.9479685 -116.90279
2 -8.740095 -115.43573
1 113.34196 252.74927
1 -124.311966 -25.147322
2 -122.060135 -8.990661
1 137.8486 -46.521755
1 -7.414094 -114.33673
1 -10.23863 -115.49474
2 -49.253887 -125.520744
1 126.47878 -55.52757
2 -113.86704 -25.875275
1 126.1589 254.53716
1 122.66721 252.22774
1 -8.712409 -111.33779
1 -130.25903 -22.566683
1 -14.997261 -120.553894
1 -11.301301 -112.85207
2 -120.40637 -20.058912
2 -114.52093 -24.826986
2 -124.234795 -17.88665
1 127.329124 -45.13985
1 135.68655 -51.818233
1 124.027115 -61.878517
1 128.45831 251.60625
1 -120.70083 -20.576662
1 -120.30318 -23.045385
1 -117.044365 -20.04919
1 -118.24009 -21.441057
2 -11.538459 -108.931335
1 -115.66201 -19.568098
1 112.90869 245.14136
1 -117.531815 -11.858916
1 -114.88533 -21.439724
3 -21.002218 -113.45913
2 -97.082695 -43.691696
1 125.39052 -60.981945
2 -7.685407 -112.95009
1 127.99288 -60.83691
1 124.51721 245.64384
1 -118.43577 -28.208399
1 -11.12541 -112.472984
1 -122.59605 -18.60394
1 -1.8963083 -117.004234
1 -123.00417 -19.6838
1 -117.652 -17.70577
1 -120.5541 -19.346539
1 119.91543 251.75764
1 -117.028984 -12.4021015
2 -91.12377 -96.22858
2 -90.12783 -93.86633
1 -122.77273 -17.643267
1 3.5467823 -121.623375
2 -7.079206 -106.14739
1 -14.305928 -109.13639
2 -118.21148 -15.760424
1 -48.306515 -97.46839
1 128.16185 -56.141773
1 -126.23528 -9.686028
1 123.94818 -59.120186
2 -124.767166 -22.319012
1 -121.618385 -20.017992
1 125.84485 246.47583
1 -115.11448 -11.944994
1 -114.81687 -19.285376
2 -63.19465 -117.830345
1 -99.65249 -38.269634
1 -116.122215 -17.717138
1 127.034355 -45.23174
2 -14.477755 -133.36203
2 -82.68714 -125.39392
1 134.33185 -49.276573
1 -114.999344 -27.172354
1 -9.853364 -114.92016
1 -108.74573 -12.144292
1 124.42367 267.3392
2 -49.523457 -122.957596
1 -10.632002 -114.22051
1 -129.06409 -7.414717
1 -122.87722 -18.105526
1 130.32448 -58.17555
1 -117.82185 -20.705023
2 -128.93718 -26.097385
1 128.89284 -54.88511
1 123.01611 -50.25368
2 -110.09124 -18.988949
1 128.51537 -53.34892
1 134.07634 -45.001762
1 -126.66487 -14.156077
1 138.50534 -52.998993
1 123.562645 259.8569
1 -119.1938 -13.436152
1 122.730675 260.8137
1 129.31438 -51.4965
1 -9.450532 -110.73964
2 -128.94424 -6.5266376
1 125.48098 -53.267372
1 -6.375093 -118.10879
1 127.02942 -47.83624
1 124.99076 -63.375927
1 126.07516 254.03868
2 -123.17405 -18.78495
1 131.28162 250.68477
1 127.045525 253.49434
2 -1.0670238 -113.57522
1 128.25237 -53.5276
2 -55.28973 -123.96596
1 129.27019 258.39642
1 -122.50476 -21.527533
2 -129.99779 -15.128563
2 -114.21838 -15.302648
1 124.532875 253.09146
1 133.72128 250.6704
1 -7.7913766 -115.220695
1 -119.27498 -9.123687
1 -116.59505 -16.538551
2 -117.98006 -31.75012
1 129.77715 -53.75646
2 -62.725628 -119.058464
1 125.59554 -44.44819
1 126.073685 -46.93724
1 -7.719392 -115.91251
1 -119.2376 -20.811377
1 -6.9498115 -117.1913
1 128.4882 256.86142
1 123.4176 -55.31858
1 126.987686 252.82056
4 -113.93113 -8.258593
1 -120.53188 -28.131338
1 125.05794 -46.460865
1 -9.822907 -110.00781
2 -128.15697 -9.485814
1 -9.450141 -115.49058
1 -12.150312 -125.419304
1 -112.87063 -21.684908
1 127.082214 -47.47349
1 128.0751 -45.518944
2 -119.00083 -16.416805
1 133.50182 244.9282
1 -17.253242 -120.6105
1 -125.410576 -13.799089
2 -62.99412 -126.64858
2 -96.01867 -92.7379
1 124.27425 244.19685
1 -10.3410225 -121.25586
1 121.48284 -50.71748
1 129.36182 -55.287563
1 -114.79275 -31.495909
1 130.1303 -48.869827
1 123.924904 -60.03747
1 -115.91367 -28.626282
1 117.27476 250.89232
2 -134.3719 -15.504976
1 136.57509 -56.31027
1 123.19729 255.23282
1 -117.28042 -18.004147
1 127.36188 -55.997555
1 -10.533918 -114.37129
1 -118.0967 -21.66909
1 128.51598 251.98784
1 -12.550727 -113.76045
1 126.46105 255.43806
1 -114.38149 -24.21301
2 -119.729515 -15.643615
1 -119.257545 -21.299109
2 -58.293392 -115.88855
1 -120.1979 -7.687547
1 130.77745 -50.76469
1 -115.700096 -18.03507
1 -102.0882 -42.57139
1 -121.82363 -14.369628
1 -2.9691234 -120.8175
1 126.91482 -47.19827
1 127.038734 245.65201
1 -112.73787 -15.086919
1 129.68878 252.51846
2 -107.49026 -42.37933
1 -2.0674875 -111.343956
2 -122.41919 -15.887395
1 133.76744 -56.195984
1 -12.7674265 -104.28445
2 -1.0031078 -116.290794
1 123.608376 -46.315178
2 -125.359276 -27.843668
1 113.18103 246.1754
1 138.84233 -59.376514
2 -4.219099 -111.411
1 -2.9779735 -121.358574
1 127.80137 -48.066154
2 -123.72727 -17.067558
1 136.92204 254.95158
1 -109.16958 -41.889297
1 123.1913 241.30162
5 -116.812675 -25.488867
1 -124.48128 -13.4613905
1 -119.41731 -19.842573
1 -52.945843 -91.05192
1 123.812744 -59.297504
1 130.8291 -56.94238
2 -60.917084 -126.80065
1 -121.9292 -18.65299
2 -106.42271 -11.742006
1 119.481995 -51.369793
1 -129.33324 -23.51605
2 -120.793724 -16.441216
1 -113.23726 -9.966646
1 125.87276 260.75674
2 -63.45483 -88.698296
1 -117.93301 -19.901232
1 -3.9997022 -110.97475
1 128.93901 -56.931793
2 -30.97409 -78.44216
1 137.58098 -49.968864
1 -116.768974 -21.558607
1 132.60489 -44.52608
1 130.42282 -57.16269
1 -2.2447703 -106.76647
1 -129.97081 -12.11206
2 -109.484695 -21.9541
1 -11.749946 -107.92342
1 121.237686 -53.7125
1 -11.574751 -114.242485
1 -116.73843 -20.81857
1 -112.41216 -44.565315
1 -116.495705 -20.236898
2 -8.613765 -116.66476
1 127.58557 255.70116
2 -132.39372 -15.75573
1 -110.222244 -10.726646
1 124.95508 246.67427
2 -13.605074 -122.12384
1 -69.93773 -88.563515
1 131.98398 248.75829
2 -91.9373 -90.99389
1 -121.2782 -14.62329
2 -102.55276 -48.483574
2 -97.605644 -42.21072
2 -122.392654 -8.235198
2 -123.567215 -16.308271
1 -119.01914 -18.405672
1 122.62831 -56.123524
1 -120.845924 -18.887804
1 -120.01067 -17.83271
1 -97.23674 -39.63416
1 125.27368 249.27965
1 -119.28157 -21.520363
1 124.71575 253.04344
1 -8.589789 -114.383606
1 -10.160786 -116.72247
1 -108.02688 -20.007555
1 129.39836 -55.694397
1 -1.6858348 -108.15818
1 125.70306 -50.12475
1 128.34612 251.56636
1 -15.51158 -116.60061
1 127.46984 251.52983
1 128.61163 -51.821144
1 -132.33281 -20.268827
1 -120.05625 -15.479766
2 -17.495089 -115.01705
1 122.78462 -61.0955
1 128.38586 -63.743816
1 -120.12913 -12.736223
1 128.63327 -49.30431
1 -114.88787 -18.942532
1 -8.517195 -111.0141
2 -109.738846 -13.062471
1 127.534546 246.4482
2 -121.10244 -8.920268
1 -113.56216 -26.920752
1 126.53835 258.71567
1 -119.40279 -18.64528
2 -7.8460765 -114.71757
2 -6.405146 -116.95748
1 -77.000595 -97.43104
1 -10.539473 -113.38033
1 -110.53506 -16.976757
2 -7.7087226 -110.96413
1 -109.01101 -21.9963
1 -119.16121 -19.586514
1 -102.91341 -39.608704
1 136.1396 252.52885
1 130.46451 -50.633606
1 128.76633 -55.132885
2 -133.0111 -17.390194
1 133.3701 261.34756
2 -19.565792 -115.98382
1 -120.9313 -26.134977
1 122.616516 256.88068
1 121.748024 260.12753
1 138.00272 246.79625
1 -107.534035 -12.515099
1 137.17741 251.51988
2 -117.88596 -17.815123
1 -17.21717 -112.88519
4 -15.721797 -111.15685
1 -102.58987 -36.36779
1 35.627766 -92.70516
4 -13.544014 -106.51273
1 -124.38064 -17.579454
1 -113.81531 -25.159521
1 -17.124434 -121.31658
1 -8.749141 -113.21909
1 128.476 -54.455006
1 -123.87002 -17.592527
1 -128.00838 -28.992353
1 132.41484 248.84233
2 -59.392303 -126.956474
1 -10.005464 -111.50952
1 -17.70815 -114.02508
1 125.9306 -52.754517
2 -110.98382 -13.351237
2 -1.1878123 -113.83639
1 -6.0349803 -120.70544
1 4.116161 -121.20922
1 -11.629706 -110.74447
2 -10.64665 -124.02123
1 121.72924 -62.109676
1 127.20507 252.4312
2 -119.76324 -16.232302
2 -56.18591 -125.21517
1 -12.025153 -115.86843
1 122.22794 245.42659
1 126.21529 -52.216908
2 -109.8177 -14.213676
1 -77.30516 -93.82842
1 121.98213 -52.38928
1 -10.397162 -113.8839
2 -54.714275 -128.46744
1 132.49785 -45.229065
1 131.0123 246.24132
1 -129.1992 -12.647036
1 -118.90203 -8.531425
1 -8.57497 -112.717995
1 -118.78359 -13.493102
1 127.65381 -59.01316
1 -114.17222 -24.510632
1 -116.83892 -20.808645
2 -127.166435 -7.093492
2 -56.53381 -128.45833
1 -122.64419 -20.511868
1 135.23596 243.96696
1 -122.84253 -26.536179
1 132.41507 242.1545
1 128.40889 247.60904
1 126.141335 -54.460125
1 120.816605 -46.32353
1 -115.879395 -18.906054
2 -67.06927 -86.68599
1 126.15747 -61.68282
1 128.39597 -53.350746
1 -125.998856 -18.714739
1 126.36354 -51.59866
2 -127.88177 -15.15623
1 -118.819115 -17.935015
1 -121.9283 -20.77825
1 114.200195 240.61865
2 -104.105125 -43.734432
1 124.60331 -46.27621
1 119.95619 247.71324
1 127.211815 255.44717
1 -119.019775 -18.218914
1 -121.51353 -27.813124
2 -123.75408 -23.897697
1 -9.843037 -113.499695
1 120.72628 -48.11358
1 129.54228 246.36856
1 117.27425 253.60716
1 119.52467 -57.718323
2 -121.720116 -15.062587
1 130.28464 255.80313
2 -121.71055 -17.085867
1 130.49792 -52.48456
1 -119.4647 -20.154858
1 -8.665791 -115.00934
1 131.8972 -55.48585
1 -8.537983 -114.54315
1 129.01439 -51.68649
1 121.585655 247.53136
1 -121.084496 -27.365454
1 -4.230806 -106.23226
1 -2.723701 -107.23901
1 -122.13921 -16.930677
1 125.69102 251.8657
1 -119.84285 -22.075188
1 -114.44226 -17.289038
1 -119.1072 -9.467422
1 127.368126 239.17924
1 128.34831 252.68428
2 -112.96624 -16.898653
2 -120.418144 -25.918781
1 132.34653 249.40227
1 -118.04778 -20.569847
2 -11.382368 -114.593506
1 140.53815 257.87738
2 -62.26545 -120.37013
2 -124.9991 -10.926824
2 -61.370037 -131.49312
2 -112.349754 -13.7503
1 120.743675 252.30122
1 -14.338448 -110.569664
1 -108.7584 -20.453203
1 -121.216286 -18.844658
1 -114.02175 -10.436864
1 -125.88653 -23.071163
2 -99.52412 -37.934795
1 128.70631 -55.02773
2 1.6791922 -115.30126
1 -116.227394 -29.098297
1 118.70751 254.70393
1 115.02769 242.65958
2 -4.2246656 -126.76623
1 130.36705 -53.95344
1 -123.98614 -19.229763
1 130.18773 -51.350887
1 124.878685 -56.377705
1 -12.097114 -112.28926
1 132.80133 254.93602
1 -123.474785 -12.789485
1 -2.9337595 -113.49575
2 -124.56248 -27.352362
1 127.38812 -55.676968
1 129.33134 -59.40411
1 -113.881714 -19.391722
2 -16.640535 -123.70271
1 127.019325 -52.28974
1 122.15154 250.89336
1 -119.09121 -19.083635
2 -124.766655 -22.262663
1 131.1239 259.49777
2 -91.995964 -95.16846
2 -116.76678 -23.136303
1 -119.77771 -16.018526
2 -119.616776 -8.9732895
1 -0.91038316 -109.84258
1 129.07683 -55.7966
2 -13.420845 -115.56702
2 -119.04946 -15.61679
1 124.07782 -50.88387
1 -54.141827 -107.685745
1 124.23655 -59.670254
1 130.01312 -56.518036
1 130.22487 -57.357563
1 -117.00889 -14.5356245
1 -111.44319 -27.438711
2 -125.08575 -16.290142
1 125.327675 253.536
1 132.84813 259.70844
1 122.89581 -49.148006
1 129.08232 -54.7937
1 -105.73714 -45.987625
1 -8.346345 -101.9249
1 -115.36831 -19.492697
2 -103.06018 -49.902702
1 -12.006855 -113.6769
1 -102.5238 -44.31128
1 -116.45547 -10.2950735
1 128.47726 -47.253975
2 -103.26582 -44.41854
2 -69.5115 -93.19003
1 -95.43273 -42.252808
1 127.84307 -63.889503
1 -111.790184 -45.00507
1 -121.812355 -14.006243
1 129.96333 253.46744
2 -6.3288283 -101.70419
1 -116.6782 -7.1143937
1 -122.75276 -5.174516
1 128.91643 -55.98963
1 -93.38587 -38.914074
1 -115.567894 -11.976333
2 -118.562454 -19.10356
1 129.07573 -55.630047
1 -14.36296 -107.0568
1 130.32797 -52.207283
2 -116.43206 -15.253624
1 124.06365 -55.669025
2 -120.383934 -13.838088
1 -120.22024 -12.532405
1 -128.66216 -9.479243
1 -8.20362 -109.10732
1 124.25271 258.18256
1 119.094864 249.61377
2 -117.737015 -18.473467
1 -10.236469 -116.182655
1 127.40021 253.78857
1 131.13913 -55.07255
1 131.78053 254.09634
1 140.65244 -50.590458
1 121.32898 -60.975403
2 -6.7937446 -114.496544
1 128.70155 -55.410217
1 121.01 258.64438
1 -0.6051097 -120.79335
2 -117.31292 -17.41887
1 118.94216 243.68571
1 -126.31016 -3.6400132
1 114.44265 242.87642
1 -117.02117 -21.304033
1 130.72014 -52.37741
1 129.1488 247.74731
2 1.5124074 -116.91503
1 131.18822 259.03036
2 -125.05132 -18.553755
1 -127.39007 -16.218847
1 127.17181 260.17197
2 -111.38828 -16.309328
1 129.14162 -52.451733
1 -7.931623 -120.35541
2 -93.77003 -39.20293
1 -118.21753 -20.839418
2 -1.8781931 -114.711754
1 -122.90012 -21.679018
1 125.017784 253.39714
1 -17.157125 -117.81155
1 -7.412641 -104.61497
1 119.62459 -49.0769
2 -121.321465 -14.359865
2 -79.378685 -90.63987
1 -116.67007 -12.83462
1 -3.388081 -112.57195
2 -64.682465 -89.05756
1 -124.70925 -10.3770895
1 130.59712 259.7629
1 -0.42285872 -113.28408
1 -7.898005 -118.12705
1 -106.852684 -19.743639
1 124.46519 -55.957806
1 -127.577415 -23.26
1 120.43355 245.848
1 -114.85408 -12.901128
1 -120.6051 -19.113914
1 -99.84502 -44.90716
1 126.08744 -50.994072
2 -0.9355907 -116.29614
1 -119.373436 -19.81679
1 124.13116 247.75659
1 -3.297346 -109.88705
1 -119.60894 -18.683306
2 -2.6292918 -110.4905
1 -111.24219 -17.30703
1 -5.891279 -114.43137
2 -60.088985 -128.37938
3 120.16394 -55.061207
1 -110.34536 -29.201666
1 131.27869 240.7971
1 -121.634544 -15.488429
2 -8.486823 -110.24496
1 132.45982 249.19621
1 7.2218194 -120.640076
1 -128.41629 -18.037762
2 -109.70986 -26.712645
1 127.06884 -53.304684
1 -14.05013 -116.24341
3 -9.948872 -110.73872
1 -120.213554 -21.622713
2 -116.758446 -17.422766
1 125.093544 -55.207027
2 -126.70186 -10.157237
1 -120.01943 -19.790829
1 129.44302 239.13713
1 -119.82217 -17.526516
1 -18.011116 -115.4964
1 -9.485749 -107.72379
1 127.274734 -53.560738
1 135.62468 -42.398098
1 -95.19772 -36.92103
2 -118.02517 -19.157726
1 -116.80105 -19.960253
1 -122.7917 -12.686772
2 -99.94243 -44.052383
1 -21.644747 -115.12209
1 126.499084 260.73703
1 3.498064 -125.03994
1 131.50883 260.34995
1 -7.974897 -111.71061
1 0.2683278 -107.38308
1 129.97429 247.073
1 -8.287787 -106.04546
1 125.85868 250.01768
3 130.46935 -57.250454
1 -118.51763 -20.00993
2 -97.66708 -94.95267
1 128.56647 251.70457
2 -125.02459 -17.362585
2 -49.447334 -123.803
1 -128.10464 -17.988104
1 127.67272 -53.676014
2 -71.10645 -123.562065
1 -118.70325 -18.317633
1 3.7323353 -108.186424
1 -112.33382 -17.776617
1 129.50641 -61.253937
2 -118.82549 -15.6212635
1 -2.5820384 -105.64376
1 136.87816 251.84651
1 116.18459 257.28683
1 -128.2683 -16.051601
1 128.57266 -59.238747
1 -120.47515 -24.566414
1 120.85496 251.38948
1 -50.479195 -101.505066
1 135.71512 -56.217773
1 133.49571 -62.77461
1 -113.84727 -20.986238
1 135.18332 -60.31483
2 -118.0803 -13.80056
2 0.81132096 -112.93577
1 130.02632 -42.51698
1 122.53933 246.69978
1 135.84904 -48.602543
1 -7.1342845 -114.81652
2 -116.0323 -15.30689
5 -114.689354 -16.526873
1 129.40405 258.13498
1 -7.489765 -114.04955
1 -116.9793 -19.962471
1 124.80987 -45.22783
1 137.66039 -42.880577
1 134.22249 247.10179
2 -59.615948 -124.70803
1 -119.99453 -23.88468
1 -114.39251 -43.593822
1 -119.86794 -25.149353
1 125.363976 243.3542
1 141.98892 259.0306
1 -19.516195 -113.90039
2 -122.64109 -24.533781
1 -121.1804 -23.85967
1 -120.67566 -28.3215
1 124.28346 -60.349323
1 117.435036 252.72295
1 133.97437 -58.36117
2 -125.532936 -13.3972645
2 -117.37136 -16.448647
1 -8.727302 -120.859024
1 -122.53066 -19.577272
1 134.33974 -54.40683
1 -119.98484 -15.903618
2 -56.04553 -118.9
1 -124.35852 -11.319991
1 -12.207319 -108.09596
1 -123.11057 -20.18085
2 -97.64234 -40.677677
1 125.82019 264.74802
2 -56.82609 -125.91221
1 135.5949 -57.2974
2 -112.06323 -23.912214
1 -122.24026 -19.980688
1 122.88389 -58.113678
1 -103.17434 -34.654034
1 127.53255 -49.057552
1 -11.440181 -105.82349
1 -116.01233 -21.122078
1 129.10628 250.99478
1 -123.13055 -29.171711
1 128.53249 -53.570827
1 -119.02537 -17.626177
2 -107.72857 -48.896877
2 -122.126076 -19.079332
2 -119.10613 -17.208614
1 122.3679 251.70967
1 132.33295 -48.990826
1 128.04153 -56.08633
1 128.88846 -50.01187
1 128.59514 -52.744324
2 -112.47312 -17.744762
1 -125.0386 -22.623903
1 3.5979908 -119.15768
1 -9.544795 -122.86877
1 127.528275 -54.015957
1 134.26076 -53.208843
1 121.71645 -50.41138
1 -4.7299757 -99.472374
1 128.35484 242.33003
1 126.87854 -55.12231
1 -131.42772 -24.470694
1 -1.4023143 -110.96551
1 -122.260376 -25.24808
1 -0.25674543 -106.97735
2 -66.65782 -87.30141
2 -119.52515 -7.943376
1 122.19895 259.5461
1 123.4517 -52.270863
1 113.64013 248.99219
1 135.12311 -58.844593
1 -116.489334 -22.420692
1 -115.96755 -29.078108
1 132.46852 256.218
1 119.35461 243.02019
1 -117.51096 -19.06425
2 -6.4860663 -106.92091
2 135.64558 -52.444344
1 -121.05593 -21.748755
1 123.180435 -56.30026
2 -116.08144 -9.942351
1 130.30083 256.19992
1 133.80994 254.04338
1 -5.8213453 -113.07992
2 -122.81724 -10.058336
1 -120.63584 -29.990137
1 120.40875 266.6899
1 121.49756 -64.56376
2 -64.71032 -115.418144
2 -122.403564 -19.428022
1 -8.159308 -115.35626
1 -125.60164 -25.441702
1 -12.088008 -112.31325
2 -9.98271 -105.32224
2 -109.49072 -22.254827
1 117.93746 -56.587482
1 138.13419 250.25386
1 -117.14138 -21.177864
1 -118.691826 -18.833488
2 -55.12977 -121.27694
1 -120.07395 -19.017845
1 127.24984 -59.455513
2 -57.412945 -121.66955
1 -120.87559 -10.9744005
2 -8.146419 -106.786026
2 -10.379828 -110.98623
1 127.35665 267.02875
1 -116.27944 -18.06627
2 -72.237816 -87.96694
1 -116.41131 -20.721844
2 -104.397026 -47.742714
1 133.91919 259.01144
1 -11.111347 -114.8858
1 121.94966 243.481
1 125.53999 254.45601
1 -122.678276 -20.766317
1 125.89364 -55.678383
1 127.565796 248.80028
1 127.27703 -51.861584
1 -8.562666 -115.78241
1 -77.095085 -90.39996
2 -6.290144 -119.64471
1 -116.05047 -20.468641
1 -1.833845 -113.25863
1 -10.276386 -113.708855
1 121.475845 -51.850147
1 -115.89446 -19.808037
2 -127.98528 -14.644811
1 -7.610566 -112.6809
2 -104.90818 -44.900013
1 135.08302 -46.38428
1 -16.515059 -111.621826
2 -122.65269 -19.745836
2 -113.0303 -9.115905
1 -98.37828 -39.846962
1 126.49715 -52.89588
1 114.688286 249.03304
1 -3.1079905 -110.56695
1 5.3702383 -122.3174
1 -117.430176 -9.449737
1 121.32444 261.0302
1 -12.270259 -113.61422
1 -13.307747 -109.024956
1 -9.023738 -111.52288
1 -8.291548 -110.72166
2 -106.70644 -44.738125
1 -10.2219305 -116.99642
1 125.98629 251.92838
1 -3.3788526 -109.29887
1 119.92228 251.63646
1 129.9254 -58.84902
1 126.73112 -58.499763
1 125.65719 -54.227444
1 132.56894 253.9099
1 -118.41738 -16.568718
2 -118.97137 -16.392927
1 134.50328 248.84746
1 -113.64724 -18.16972
1 136.71574 -53.80722
1 125.78039 251.3203
1 134.12791 -49.7807
1 -9.675874 -113.929214
1 -101.76272 -38.207542
2 -125.975365 -14.218437
1 -131.33987 -20.945366
1 122.51363 -45.000977
1 128.02873 -50.187237
2 -60.21417 -125.2015
2 -61.9976 -122.80676
1 -9.346992 -112.285515
1 -120.89553 -19.676771
1 131.18661 248.44766
2 -1.752717 -103.682335
1 -94.7257 -41.097393
1 125.91945 248.36636
1 -116.487816 -20.45013
1 127.46753 251.6956
2 -115.94688 -17.598091
1 -121.99133 -29.663511
1 -114.73738 -22.577307
1 -120.39626 -20.95272
1 124.90385 250.76001
1 129.55449 261.1384
1 122.5912 -59.449604
1 133.79039 254.20312
1 -8.511982 -112.82643
1 124.152626 -55.189484
2 -115.686646 -13.685924
1 114.07655 244.96172
1 129.67882 -61.21081
2 -117.797295 -17.729015
1 121.19546 -53.52295
1 128.41792 -43.26222
1 113.0335 251.87401
1 135.15642 250.67918
1 118.14479 255.63435
1 -116.415405 -25.633743
2 -8.349323 -115.046745
1 135.63876 -57.166653
1 135.39473 246.1219
2 -124.836426 -18.516829
1 -122.40735 -18.988295
1 -11.395148 -112.48378
1 -9.039948 -106.85713
1 -116.27053 -17.156527
1 -2.7367015 -110.38458
1 -126.27671 -14.5108595
2 -124.88299 -20.23842
1 -115.78328 -23.446852
1 -8.364106 -116.17864
1 -118.00413 -10.991515
1 -119.456566 -16.923641
1 124.24871 -55.28661
1 -8.989363 -110.2515
1 -9.090229 -110.00083
1 -75.76109 -89.349144
2 -127.68626 -28.891119
1 -11.036128 -108.75292
1 -121.92242 -22.684319
1 -9.009235 -112.29948
1 -123.61663 -16.466436
2 -7.6773505 -114.51742
1 126.985344 -50.913673
2 -50.92104 -123.77322
1 117.1488 255.15678
1 123.417625 244.86174
1 -108.42295 -19.31391
1 127.423485 251.47241
1 -11.560664 -116.69071
1 -117.653984 -20.86433
1 -117.341286 -23.897223
2 -46.424824 -121.946495
2 0.5056691 -104.57735
1 125.77038 248.93587
1 134.70818 -58.504963
1 132.30208 256.53864
1 126.70611 -56.47928
1 -121.6366 -17.099047
1 122.78652 263.90875
2 -11.865156 -119.755
1 -117.73907 -18.884624
2 -101.92321 -44.42382
1 4.8551626 -123.19098
1 -108.5793 -16.623919
1 124.32399 252.03264
1 124.13942 -57.6266
2 -96.60686 -39.752174
1 -9.253925 -113.51112
1 5.582525 -115.49943
1 -4.8266797 -110.309204
1 -13.431624 -122.75762
1 -10.405818 -109.72172
1 -89.7296 -95.58538
1 126.03539 -52.18094
1 -127.773026 -26.674086
1 -0.68353987 -113.090126
1 -125.28982 -2.8355696
2 -121.4824 -28.107916
1 136.29877 -50.134274
1 137.81165 -49.85704
1 -115.80747 -16.422527
1 -113.1781 -14.419265
1 -110.262184 -19.646477
1 -108.30684 -19.538698
1 122.25299 258.38266
1 14.094975 -131.99255
1 -9.987617 -100.26791
1 -126.18054 -13.367723
2 -44.730072 -125.10961
1 -120.053 -16.178038
1 -18.58011 -116.08355
2 -122.47388 -18.552359
1 -116.704666 -19.621487
1 119.12067 252.59903
1 130.53412 -52.08142
1 -118.251564 -17.18206
2 -52.81439 -129.30125
1 -48.3399 -97.66359
1 121.31582 -49.21233
1 -114.91917 -9.431991
1 134.21855 252.83128
1 -122.59534 -14.947291
1 136.53053 -52.79391
1 -116.59253 -24.51042
1 129.65022 -41.455555
1 126.65844 252.65355
1 -10.176899 -115.8116
1 -117.16538 -17.790789
1 120.69431 261.31378
2 -111.449295 -10.173778
1 -5.2583203 -106.36352
1 131.85333 -46.492702
2 -70.0691 -124.71411
1 -116.69244 -11.302147
1 124.06573 251.83023
1 128.14381 -58.427967
1 -111.6061 -24.498383
1 125.909546 245.33585
1 -9.887312 -113.45416
1 -6.4617133 -115.623474
1 112.97084 254.33174
1 129.50548 -53.445015
1 126.78759 -52.025036
1 -122.95469 -18.94241
1 118.2502 244.9517
2 -70.81458 -88.43469
1 -5.20124 -111.62176
1 -7.999702 -102.21314
1 114.64431 244.84749
2 -104.34048 -34.572037
1 136.66653 -55.295876
2 -129.24072 -23.830227
2 -55.534176 -120.61782
1 -117.06997 -20.8027
2 -1.328828 -113.540794
2 -54.34504 -123.14939
1 132.24521 251.45662
2 -59.86872 -126.186035
1 128.29456 247.32808
1 -119.91782 -28.42451
2 -97.99929 -45.771297
1 -122.13613 -21.4058
1 -124.584305 -9.374644
2 -123.62905 -12.364806
1 121.69049 251.53783
1 126.10116 -55.63407
1 125.7792 245.15862
1 -18.107735 -108.82924
1 128.00754 243.79439
1 133.0768 -60.57191
1 -115.95296 -27.047052
1 119.118324 254.7816
1 137.0491 -58.13159
1 -8.512031 -117.866234
2 -53.32371 -128.43158
5 -4.713386 -122.89229
1 124.27435 -56.396248
1 124.62539 -54.67639
1 -119.986626 -21.638334
1 -122.24375 -10.243529
1 -113.902565 -23.625412
1 -77.58737 -91.811134
1 129.86635 240.37589
1 119.40862 242.70427
1 -19.622358 -115.71349
1 -127.835594 -20.915712
1 129.14778 -56.08863
2 -122.93206 -20.148506
1 -119.75222 -11.506279
1 132.29515 -43.018578
2 -76.3875 -92.62548
1 -124.14514 -14.304588
1 -121.97353 -20.117184
1 119.6408 -68.03993
1 -120.666115 -7.5914445
1 125.802635 -50.28784
1 129.79866 -56.283123
1 -118.99153 -21.935415
1 127.93363 247.31914
1 129.36813 -63.816486
1 -117.83608 -17.418388
1 -124.35813 -27.967747
1 -123.26653 -14.898158
2 -48.916767 -128.25735
1 130.21378 -53.312
1 127.891396 241.2563
1 129.59352 -59.23135
2 -121.43457 -3.7222123
1 128.17508 -56.472218
1 124.810135 -56.88804
1 -126.36175 -6.7790146
1 126.62899 251.10576
1 -8.387177 -114.33468
2 -94.5093 -39.521297
1 -116.15562 -12.406993
1 -120.80227 -12.748552
2 -58.5305 -126.59698
1 -120.19875 -18.45808
1 119.40948 -53.75296
1 -9.85124 -116.06832
4 -128.86644 -10.726882
1 -115.89385 -30.958786
1 -125.96987 -14.362108
1 -4.6496043 -113.74945
1 -118.61753 -21.559359
1 126.27401 243.29259
1 134.12871 257.41577
1 -117.0022 -22.653042
1 124.410805 245.08354
2 -55.83139 -118.770645
1 -3.5386791 -116.62252
1 -78.58825 -90.063866
1 -121.2396 -22.049639
1 127.9743 -51.381397
1 -117.20908 -8.613683
1 130.3906 -53.37411
1 114.724205 247.40721
1 128.58362 -46.12598
1 -113.340065 -23.627403
1 -120.90005 -18.731575
1 -115.70691 -19.107159
1 130.39537 252.17805
1 -12.123762 -112.075615
1 -14.96921 -118.599625
1 -119.89241 -20.098951
1 -9.49842 -107.76094
2 -15.635665 -121.24297
1 -48.29013 -99.97382
1 128.59 -53.094074
1 122.446754 -59.37688
1 -122.63657 -8.315831
1 128.58537 254.07356
1 -124.651054 -7.7461257
1 125.179504 -58.028522
1 134.0436 -49.084755
1 123.567726 252.57658
1 122.692375 -61.209805
2 -116.27126 -21.106346
2 -10.791255 -115.162636
1 126.20684 -52.100574
1 134.99797 -49.22273
2 -8.468598 -107.41903
2 -76.61584 -87.75803
1 -111.530174 -24.437887
1 -119.8605 -22.300646
1 -123.88491 -20.816826
1 -119.22249 -17.691051
1 131.42514 -56.712177
1 127.50104 -52.205086
2 -112.464775 -47.685635
1 -13.194026 -102.336655
1 -96.27526 -42.40839
2 -123.02483 -17.967314
1 -120.00171 -17.64931
1 -114.893555 -19.21386
2 -121.60879 -26.993652
1 -117.38997 -11.02859
1 134.22623 -51.488537
1 127.28955 263.5721
2 -54.914913 -122.67443
2 -100.618965 -44.999332
1 129.77637 262.87057
3 -4.356587 -110.10011
1 -118.96792 -16.500357
1 -120.683716 -11.886714
1 -115.06216 -21.963064
1 124.28509 251.33357
2 -116.24619 -19.399694
1 -116.8012 -21.678768
1 -116.23452 -15.446456
1 127.41042 258.42255
1 -38.38 -93.4285
2 -16.21279 -112.50529
1 -124.70723 -19.542126
2 -127.694435 -24.295057
1 -8.2948065 -112.86664
1 128.50395 -50.624775
1 126.55773 247.30313
1 -10.554145 -113.927734
1 121.602776 243.9511
1 -113.77358 -21.699022
2 -45.72962 -122.465515
1 -116.86082 -27.393293
1 -120.23335 -18.738201
1 123.332214 263.65527
2 -122.23779 -15.37415
2 -136.98071 -21.939526
1 -116.13787 -21.230959
2 -54.066875 -122.16866
2 -124.728615 -14.728709
2 -15.302523 -117.51244
1 117.247986 241.44604
2 -0.016425604 -120.56152
1 126.05938 -62.712177
1 126.21072 257.26047
1 131.8969 -47.2364
1 124.196144 253.15086
1 124.10597 -58.656006
1 123.34694 -54.66808
1 126.578285 258.10458
1 -121.01912 -21.155886
1 -104.05149 -35.19726
2 -17.618917 -116.05415
1 123.218376 -57.02004
1 117.75895 242.71513
1 -7.671247 -113.479935
1 130.04236 -53.038277
2 -119.13328 -14.605723
1 1.5523854 -123.92385
2 -65.258965 -117.40973
1 124.2532 247.85106
1 128.26257 -64.48093
1 -5.272615 -111.667175
1 125.67443 260.8685
1 119.03042 249.02782
1 128.19537 -52.576977
2 -10.188045 -122.105446
1 -8.883124 -112.76821
2 -110.832596 -19.596895
1 -4.468916 -120.70251
2 -3.9958935 -120.869255
1 -115.97998 -20.507854
1 -15.005061 -115.65353
1 -125.55019 -21.826864
1 120.484024 251.7542
1 -15.520113 -110.19733
1 -119.534546 -17.106108
1 123.5023 -58.66971
1 -122.71966 -4.6420426
1 129.28244 -52.916584
1 3.137908 -121.63881
1 -128.61795 -24.04869
1 -120.333916 -17.883268
1 122.865616 255.94456
2 -12.593403 -114.12646
1 -118.28438 -20.075674
1 134.5154 243.07268
2 -113.94976 -16.26336
2 -77.47698 -89.20531
2 -122.92022 -13.930425
1 128.02263 -55.38493
1 131.46808 -50.70368
1 -5.85655 -121.03102
1 -12.091841 -106.67432
1 -117.49578 -20.697294
2 -116.16819 -17.14378
1 132.48453 254.22119
1 -119.90855 -16.037916
1 -124.64668 -12.365129
1 -118.25134 -19.555174
1 128.38081 262.0149
2 -61.486176 -126.07694
1 124.06852 -46.667812
1 134.62775 -52.91094
2 -4.1391673 -124.70579
1 -9.337165 -116.029175
2 -15.105977 -109.41597
1 -119.11189 -19.70718
1 -120.87994 -15.387517
1 127.780205 257.19382
1 -114.01658 -18.591322
1 -119.785576 -3.7913194
1 136.26524 254.52583
1 -125.61794 -23.716087
1 -10.964375 -107.47703
1 -13.696578 -102.7207
1 -125.015015 -27.021727
1 124.23872 259.91943
2 -8.17729 -113.02761
1 -116.0073 -15.43431
2 -78.60784 -89.88163
1 117.71224 252.81152
1 -123.0555 -16.862364
1 124.95568 -56.800556
1 -117.828125 -22.822557
1 -3.494209 -121.95553
1 121.03973 -60.5581
1 123.56091 -61.18514
1 118.46392 263.33356
2 -6.9800363 -118.950645
1 -110.077736 -16.327898
1 126.466606 246.14091
1 -116.19346 -20.324474
1 119.6298 260.66217
2 -72.06469 -86.21173
1 119.08862 258.42773
1 127.90185 -61.500557
1 -115.454124 -25.059525
1 -114.04329 -16.116747
1 133.73541 -50.318523
1 116.78599 -54.258083
1 -95.02831 -38.742275
1 -9.895967 -110.83883
1 -10.768586 -108.52575
2 -110.60496 -11.744377
1 127.3796 -53.780895
1 125.75081 -52.973232
2 -2.0501535 -114.74937
1 126.449295 -40.959988
1 133.28075 -47.854782
1 139.4805 244.4915
5 -117.82432 -8.910637
1 120.79909 -60.859314
2 -105.82217 -14.437108
1 124.11747 -46.617725
1 128.64108 250.36064
1 -119.24163 -3.8275895
1 133.33386 -49.67957
1 -110.27781 -13.042168
2 -123.93499 -9.051387
1 132.46628 -55.408276
1 -118.81155 -17.837029
2 -123.15144 -10.638765
1 -121.29026 -21.501827
2 -0.61381334 -115.324684
1 -21.74864 -109.99557
1 119.81826 -50.317116
1 -121.40149 -17.951376
1 120.30131 253.01704
1 -114.053734 -15.278106
1 -97.25515 -38.005596
1 -117.95845 -20.326317
1 -10.247089 -105.69427
1 131.05046 252.97884
1 132.3922 262.25986
1 131.34964 -51.902157
1 -119.510086 -24.885641
1 122.20326 249.61775
1 132.28734 -53.39114
1 128.8349 -54.098793
1 -116.37197 -19.669958
1 -10.076545 -113.77935
2 -129.73099 -19.867224
1 130.99863 259.4676
1 125.525566 -60.388653
1 127.44771 251.89983
1 125.96374 -51.153397
2 -113.07168 -9.954268
1 -13.115364 -102.636185
1 120.09342 250.78398
2 -128.3632 -11.98083
2 -62.408905 -123.90631
1 -8.7511425 -112.62119
1 -118.33953 -21.626009
1 -6.00771 -110.03393
1 117.83897 257.42355
1 130.61697 247.64958
1 127.12372 -54.16052
1 128.74297 -54.29893
2 -6.743586 -114.552505
1 -124.73138 -13.258239
1 -6.150752 -112.27431
1 127.00814 253.77959
1 124.59326 -51.8652
2 -123.062256 -16.095043
1 134.69327 256.2185
1 -9.466352 -126.07924
1 128.34087 -53.489845
1 -6.1203074 -103.062294
1 129.88965 -53.630135
1 130.81616 258.41138
1 122.75768 249.92021
1 -120.08089 -18.294353
1 -15.317635 -110.11871
1 -115.60476 -17.045034
1 -4.1394362 -112.24269
2 -63.928925 -119.87701
1 -9.085468 -117.52163
1 -117.09002 -17.221502
1 127.47697 251.87865
2 -125.85567 -13.937816
2 -114.75044 -7.9742904
1 -16.05068 -119.25403
1 130.01103 -52.397163
1 13.87061 -119.54187
1 123.59127 252.59355
1 126.88889 -58.40563
1 -119.620605 -19.954622
2 -118.72471 -17.213015
1 130.44392 254.31035
1 130.64192 -54.673122
1 -119.20632 -21.479189
1 127.42792 261.17624
1 130.55693 -44.781982
1 -121.136795 -25.25176
1 -117.0772 -22.856197
1 -113.41585 -14.503631
1 121.85827 259.48114
1 -13.603255 -120.996025
1 137.77475 -58.288494
1 -127.19256 -12.60237
1 -12.807686 -121.75066
1 -116.12439 -10.089452
1 122.2018 252.27348
1 131.86693 -63.120007
1 133.42082 261.78043
1 127.975 -49.759357
1 -114.226585 -20.221672
1 -9.929304 -111.970116
2 -59.200787 -126.23885
1 131.55519 250.38858
1 133.66344 -61.011395
2 -116.871025 -17.453482
1 -13.161519 -101.64148
1 -9.336592 -112.21725
1 134.28654 -51.08209
1 128.8238 247.12035
1 -117.73269 -17.135704
1 122.33758 -58.290737
1 128.56102 254.69609
2 -101.55093 -50.16785
1 -113.73787 -28.960724
1 -124.79195 -11.352599
2 -116.776855 -11.68561
1 -13.706978 -111.16341
1 127.99239 262.156
2 -120.1501 -16.706121
2 -97.74816 -36.378044
1 132.74852 -59.502346
2 -92.57988 -41.139
1 130.07127 257.57788
1 0.5776662 -116.01235
1 131.22075 242.51524
1 -6.5575876 -114.625854
2 -125.339676 -27.17659
1 139.60695 253.64656
1 118.537575 -54.029438
1 -118.56509 -23.015615
1 121.49851 250.73064
1 -119.87339 -18.463232
1 127.251366 244.12956
2 -49.244854 -127.28334
1 124.72686 263.5737
1 -16.710066 -113.871635
1 124.96319 254.64346
1 134.5716 253.54668
1 138.62572 -50.5834
1 1.3879323 -117.180595
1 -97.148544 -41.050255
1 -125.92364 -15.12708
3 -2.9368236 -106.8897
1 -118.495605 -20.381493
1 125.474 -51.276638
1 -120.05796 -25.104233
1 -8.732405 -112.02565
1 -2.8265696 -114.193474
1 135.6093 -50.79668
1 122.093864 257.23093
1 -113.27776 -17.812292
2 -55.43188 -123.30721
1 -119.390236 -20.318468
2 -91.57445 -94.58706
1 128.91975 256.77402
1 -16.28819 -114.30532
1 128.8614 -53.02054
1 -13.972274 -107.76174
1 -125.911064 -22.092659
1 132.00055 -46.770985
1 -2.7139597 -109.07072
1 -112.55251 -27.461308
1 -2.811799 -118.15313
1 -128.43823 -15.714754
1 -119.861015 -18.002068
1 117.422844 -60.036995
1 122.76707 -63.34923
1 129.47739 -61.511013
5 -79.35139 -126.04968
1 -16.438728 -106.89435
1 135.37453 -57.27138
1 -10.043989 -111.96575
1 131.5981 256.237
2 -125.25005 -9.777236
1 120.76833 -52.20162
1 -9.710395 -112.60519
1 -125.08108 -24.380445
1 126.69765 251.21143
1 124.88828 260.94244
1 130.27489 -58.25888
1 129.24765 253.06432
2 -108.889336 -17.038149
1 -119.71731 -19.726286
2 -14.791402 -113.51635
2 -124.81866 -31.673101
2 -56.598858 -126.86066
1 120.53109 -54.19818
1 126.48411 262.58643
2 -103.91819 -44.28025
1 -124.586525 -22.38868
1 1.6988333 -110.08749
2 -120.53603 -9.316225
1 -9.2461 -111.82395
1 128.84186 248.57217
1 114.95121 242.7522
1 -123.737625 -25.03818
1 135.67125 247.56523
1 -120.13714 -14.337847
1 -113.02215 -14.302001
1 -129.49341 -11.484581
1 123.62418 256.5511
1 -127.73006 -15.809218
1 -117.354546 -16.034716
1 -112.21614 -22.050457
1 -97.253654 -90.60083
1 -117.95654 -17.678188
1 124.37394 261.2955
1 129.80681 254.37297
1 126.72762 246.11978
1 121.77218 251.12679
2 -78.304085 -126.04827
2 -117.79006 -19.537039
1 129.40855 247.58794
1 -9.689546 -109.85341
2 -116.86922 -14.533144
1 122.553665 -51.508453
1 119.60442 -60.656013
1 124.20046 249.57625
1 131.39357 258.0864
1 121.8939 246.55476
1 128.01585 245.5804
1 127.48376 -50.92129
1 119.96873 244.67659
1 1.839324 -113.88839
1 -12.193208 -119.23144
2 -21.095175 -128.01164
1 123.06087 256.23932
1 126.18282 253.59782
1 119.797134 247.77213
1 128.31204 -49.76791
1 -98.12865 -39.10883
1 -1.1511302 -116.48461
1 -127.12676 -13.61761
1 -122.52566 -20.531744
1 -5.4637647 -118.1574
1 -113.4742 -15.731554
1 -9.923933 -112.98543
1 -123.81838 -18.74875
1 -117.8094 -22.784338
2 -4.828462 -112.20127
2 -102.46748 -40.70078
1 -128.41557 -19.926464
1 122.84139 -44.884045
1 132.34189 -43.54328
1 3.7777393 -121.944084
2 -120.29885 -16.379503
1 131.22525 -53.15454
1 -111.54964 -13.289281
1 -2.8884592 -116.61712
1 -114.288994 -14.26773
1 -9.233686 -115.20294
1 -21.49725 -112.26858
2 -76.67656 -90.2711
1 129.45804 -48.380215
1 133.33719 -46.124428
1 120.68603 244.56548
1 -119.229225 -21.982079
1 121.702324 -53.805523
1 124.54215 -54.80837
1 131.05872 264.70416
1 126.01263 252.32747
1 130.85355 249.07701
1 131.70097 -54.901398
1 128.10527 252.25874
2 -120.779884 -13.295891
1 124.40981 -50.090393
1 -116.807274 -19.58632
1 -18.930586 -118.40853
2 -52.103985 -125.71716
1 -1.1517161 -115.316216
1 -15.456843 -113.02923
1 128.39774 -51.607582
2 -7.0411325 -116.39323
1 127.55804 -56.022396
1 -95.67699 -47.392666
1 -122.542435 -22.232344
1 -120.056175 -19.312847
1 -116.07342 -20.764242
1 122.227745 248.71953
5 -116.47715 -14.999873
1 -7.8487983 -115.6936
1 123.90397 248.74829
1 131.19377 241.28288
1 -120.15261 -20.638054
1 -10.283405 -109.385796
1 -119.035645 -22.51605
1 -118.306595 -20.380392
1 -4.704878 -125.31748
1 127.472694 -56.220276
1 -113.39585 -27.350998
4 2.2092338 -105.44018
1 -113.07232 -23.022034
1 -111.28289 -19.074316
1 2.5347586 -105.79193
1 116.358215 246.37883
2 -96.078026 -95.6532
1 -129.58401 -15.786452
2 -118.984695 -17.065208
1 125.13765 -59.097736
2 -98.50616 -43.80287
1 -122.57163 -26.33689
1 -9.155842 -112.000694
2 -119.97166 -15.291844
1 127.62622 -50.5709
2 -108.66341 -49.28914
2 -118.87563 -11.38153
1 4.3965015 -114.340294
1 132.30492 251.89177
1 122.32739 -52.83621
2 -116.49827 -18.250036
1 135.16122 -61.896008
1 119.2976 256.20615
1 -115.172485 -23.772604
1 126.26293 253.05144
1 -121.6242 -25.456488
1 125.97561 -48.013103
1 -11.985225 -110.57009
2 -112.86355 -22.59001
1 124.56612 266.10297
1 127.71099 245.2701
1 -115.82639 -19.837614
1 130.69157 -64.81227
1 122.97066 -57.23722
1 119.06996 245.99168
1 125.75317 -49.452145
2 -61.79017 -124.881584
1 -19.115622 -106.35525
1 -116.3385 -21.097963
2 -118.956055 -21.338274
1 131.25447 -52.81149
1 -117.31411 -13.784606
1 -3.090156 -124.21539
2 -8.904316 -114.64437
1 -109.363625 -16.710695
1 133.84048 -64.97444
1 -121.50454 -18.352562
2 136.89653 -60.425575
1 127.69547 -57.335083
2 -130.73506 -19.089474
1 -123.34688 -12.592418
2 -13.3171835 -113.61989
1 126.15624 -55.997437
1 121.649 251.58781
1 122.913124 -50.620113
1 136.6503 255.31377
2 -124.56614 -18.922369
2 -4.1315746 -121.3279
1 132.04117 253.68636
1 -6.2940745 -112.38503
1 127.17303 -65.150246
1 -122.729324 -19.530224
1 130.25677 243.75533
1 140.9038 256.66342
4 -6.950849 -112.94579
1 120.74811 246.23502
1 -121.91245 -17.50953
1 -118.19275 -25.59902
1 126.43795 253.50186
2 -117.094505 -21.57332
1 126.96586 257.77252
1 127.21297 -61.50257
1 -88.10816 -47.65127
1 -118.78721 -17.828192
2 -118.53259 -17.289812
1 133.53075 -46.65964
1 132.33946 -58.038708
1 -109.127884 -18.361004
1 -119.53518 -20.836203
1 -118.34824 -24.194143
1 131.16377 256.50214
1 -102.694214 -34.482353
1 -14.36114 -115.984634
1 -10.8195505 -111.41752
1 -9.508955 -109.68368
1 141.52654 251.22566
1 126.626976 -50.37092
1 129.33038 -52.499676
1 -11.033125 -110.98788
1 129.7169 -51.785763
2 -12.747761 -126.94033
1 121.1303 -59.08842
2 -123.82671 -14.757125
1 130.40823 256.0396
2 -122.15596 -15.357158
1 -16.852547 -107.60461
1 132.77547 251.42842
1 125.366394 259.17334
1 116.55481 258.93552
1 -131.88249 -19.52889
1 126.24806 260.30948
1 129.96019 244.4984
1 -9.049665 -108.640076
1 132.34155 245.09138
1 -11.01512 -117.730385
1 137.02754 -46.199997
1 -6.477473 -109.81211
1 118.63948 -53.9212
1 134.18224 -58.585186
1 128.48631 -56.477253
2 -64.531395 -124.95833
2 -127.179276 -22.431658
1 -119.46533 -21.051588
1 -133.09807 -11.453661
1 128.10663 -41.96275
1 -117.09959 -20.538488
1 111.60016 245.98546
2 -8.811006 -112.702354
1 -111.75359 -20.191936
1 121.032005 245.09932
1 130.34885 -52.05203
1 -113.19773 -16.902004
1 -121.190895 -21.167147
1 -117.71099 -18.528578
1 129.68636 239.40562
1 128.65239 257.62204
1 130.14684 -51.245655
1 -13.0951 -111.543205
2 -73.10423 -94.30187
2 -117.85418 -9.93957
1 130.1145 -51.924923
1 -116.16326 -23.568068
1 127.75504 255.01872
1 -126.32617 -23.77621
1 134.67975 248.20963
1 133.90202 246.88745
1 -121.41016 -15.801387
2 -129.24893 -18.71336
1 -114.39468 -31.356714
1 -111.96511 -26.286362
1 136.69687 -49.021523
1 128.09615 253.42012
1 90.89265 -68.81626
1 121.72345 240.4475
1 118.241066 -51.263367
1 -118.948296 -18.850634
1 130.51404 -55.57372
2 -92.19262 -99.574425
2 -126.48164 -14.430278
2 -120.173 -20.04945
2 -58.332012 -118.82007
1 -4.292683 -115.96985
1 129.41148 245.1584
1 118.607704 -58.56908
1 131.5992 -45.24785
1 121.77413 247.92973
1 122.637184 -57.739246
1 -119.06719 -19.74171
1 -117.559715 -11.673693
1 130.71942 -52.065033
1 -12.093085 -103.4682
1 134.91829 -47.060913
2 -117.75381 -16.735323
1 115.93178 255.5208
1 -119.54282 -18.65553
1 128.8647 -52.77297
1 -118.72854 -18.404966
1 120.92828 254.23473
1 127.35435 -48.541943
2 -13.31811 -118.610985
1 131.39554 -43.7374
1 -8.671638 -111.90414
2 -104.47329 -41.054882
2 -117.92556 -17.13377
1 -118.52183 -20.928316
1 1.3091482 -107.24522
1 138.74237 -55.236187
1 -9.425642 -111.00103
2 -117.11702 -24.729612
1 131.02141 241.12779
1 134.37762 -53.97237
1 -7.004804 -112.8406
2 -120.482056 -17.367403
2 -65.30494 -124.629814
1 129.19035 -53.228973
1 -116.15862 -19.515535
1 130.20682 -48.390133
1 -1.9392527 -120.55391
1 125.18345 254.04686
1 132.54625 251.42259
2 -116.44602 -9.242973
1 -13.673775 -119.71499
2 -118.544945 -19.320421
1 -113.52083 -14.848207
1 130.18454 -50.42187
2 -123.14929 -23.067251
1 134.38283 -59.30091
2 2.0067434 -113.39352
1 -111.8105 -23.988045
1 -13.447225 -120.15606
1 125.735954 253.12666
1 129.65201 -55.94408
1 130.85748 -59.173145
2 -20.041426 -116.61431
1 130.38707 246.23335
1 128.04742 -55.60786
1 -120.30764 -21.57394
1 -121.66099 -20.062376
1 124.70785 -48.486115
1 -76.60876 -97.866196
1 -109.603004 -12.212676
2 -131.40227 -15.871627
1 -118.82937 -21.338717
1 125.01946 251.72664
1 -120.442116 -19.555397
1 130.81999 253.8806
1 126.93335 242.47453
1 119.58651 254.19905
1 -10.655745 -112.53082
1 130.42934 257.68085
1 127.228386 -51.982403
1 2.422747 -123.471306
1 129.14824 -54.587605
1 -11.160615 -115.96813
1 -112.30019 -44.028835
1 -123.69539 -19.244543
2 -97.93332 -41.616577
1 127.13141 -58.75596
1 -5.697334 -113.35726
1 -116.046364 -10.70681
1 -98.68482 -40.698715
2 -128.51256 -13.820674
1 126.806274 -42.810703
1 131.18103 -48.00671
1 127.936455 255.2758
1 -125.27366 -5.8733444
2 -66.73284 -105.92147
1 -11.350874 -113.53915
1 -7.5564156 -117.76741
1 127.54282 -51.481453
1 124.96527 261.78387
1 -4.821382 -105.717125
1 -119.41473 -30.276953
1 133.92638 -48.83494
2 -4.3519483 -114.99115
1 125.0678 -66.67042
1 134.10197 253.9047
1 -8.264766 -116.70917
1 129.0598 -50.915592
1 -121.11956 -22.91845
1 -8.308308 -115.29943
2 -113.98211 -17.222979
2 -126.94114 -22.348188
1 -7.704658 -105.72039
1 -117.98242 -24.862799
1 123.7418 248.08128
1 128.13232 -53.93456
1 130.37071 -47.594593
2 -101.29826 -34.586075
1 119.26965 248.47636
2 -6.9849925 -114.95379
2 -5.242549 -124.35647
1 -120.262596 -20.969978
1 -69.65439 -95.867546
1 127.88568 -51.213776
1 -18.60688 -111.75696
1 -112.84841 -31.283834
1 131.75682 246.26604
2 -123.258934 -17.53858
2 -114.67104 -13.919591
1 131.88579 -52.3032
1 -119.80471 -16.974087
1 -5.182588 -115.66371
1 126.93272 -50.859413
1 133.23723 -57.73633
1 119.21548 245.17805
1 -116.8469 -15.997176
2 -134.41495 -19.175722
1 132.51363 249.25005
1 -11.408149 -111.436295
1 -117.73785 -20.085842
1 129.79985 -43.336536
1 113.924034 253.0504
1 -10.001692 -115.13085
1 -9.279707 -101.589066
1 131.37639 252.11534
2 -128.34172 -17.066063
1 -123.782814 -21.21273
1 134.30347 -48.165173
1 123.26013 -58.045296
2 -49.701668 -127.44311
1 -8.417219 -107.19201
1 127.7729 253.84863
2 -60.679047 -116.17586
1 -119.22842 -20.011538
1 -125.30459 -14.433922
1 127.448135 254.01183
1 -119.887474 -20.075045
2 -0.015278143 -112.32483
1 -108.993675 -17.736452
1 120.17059 264.35342
5 -5.4157176 -110.116516
1 -118.317825 -7.567711
1 -122.00466 -18.504436
1 -94.52764 -37.147366
1 129.72882 -41.89244
1 127.723854 246.69896
1 125.30263 267.23837
1 -9.301362 -106.000404
1 126.98181 252.90538
1 -119.470634 -18.516289
1 125.485794 265.59238
2 -97.0281 -44.16067
1 -11.499556 -105.473694
1 -119.366875 -19.310423
1 124.96897 -55.473156
1 -112.70271 -26.876692
1 130.15837 -54.134083
1 132.90204 244.10384
2 -16.669039 -124.68716
1 130.75865 -51.31274
2 -56.0993 -121.34301
2 -116.48846 -13.480727
2 -94.173996 -42.122875
1 133.97563 254.94237
1 -14.854378 -107.190346
1 -11.270881 -106.25736
1 128.80943 254.16748
1 129.11046 252.90071
2 -18.42806 -118.40307
2 -123.8531 -7.6484637
1 -114.24441 -22.311266
1 122.34777 246.7443
1 -117.04893 -21.487194
4 -102.71523 -35.932365
2 -119.674736 -28.258362
1 -94.18093 -37.387993
1 129.66615 -49.27086
1 -116.67165 -21.689333
1 -114.55525 -18.032763
1 120.45786 -59.209114
1 131.98734 259.9498
1 -0.04135236 -119.06475
1 134.76762 255.6761
1 -113.22051 -23.080582
1 -124.62759 -24.603924
2 128.18951 -60.15282
1 -120.68709 -18.550777
2 -124.05061 -18.664516
2 -79.245346 -87.86804
2 -119.54136 -17.913235
1 -112.87432 -7.707329
2 -125.956985 -17.653149
1 123.98226 250.31126
1 -10.722187 -114.66363
1 -120.97859 -22.34509
1 -125.572655 -20.913134
1 -94.6471 -91.367
1 125.89339 -51.80066
1 -118.579124 -27.788786
1 -128.7971 -25.267439
2 -6.9344797 -101.27125
2 -117.80425 -14.580699
1 -95.5104 -39.407326
1 131.22716 261.16757
2 -124.467995 -16.51084
1 -146.77274 -15.378585
1 -119.80869 -24.532534
1 123.212036 -50.493923
1 -118.35774 -20.571417
1 -2.926362 -104.58871
1 129.60349 -52.72179
1 -124.69739 -19.549055
2 -9.740095 -116.5307
1 132.66757 240.21338
2 -121.096825 -17.325829
1 -13.361226 -108.15232
1 133.02864 -51.417725
2 -136.9761 -20.166042
2 -11.281318 -109.559
1 -113.318535 -27.862534
1 -115.300316 -21.795858
2 -7.0175242 -115.34704
2 -12.5517645 -111.69806
1 -116.63989 -17.875654
1 128.7142 -48.860752
1 128.89793 245.13887
1 124.5146 245.65706
2 -0.1634471 -107.88932
1 125.8998 252.41768
1 -20.150373 -116.1933
1 -115.225784 -21.085646
1 129.70383 -62.7196
1 -1.6132272 -101.76031
1 -97.29143 -40.623894
1 128.09352 252.31877
1 134.3239 256.769
2 -15.023824 -111.8995
1 -29.976862 -107.31567
1 -119.27456 -18.671837
1 -119.8511 -21.400597
1 132.59863 -59.994457
2 -118.885155 -17.054832
1 -121.20662 -16.176435
1 -121.50979 -13.335115
1 124.21586 246.97148
1 13.067718 -133.7132
1 -109.19248 -14.650169
1 126.95001 -49.82888
1 128.13268 -54.38971
1 118.09499 256.01962
1 130.98021 250.59941
1 124.81311 252.52058
2 -97.718735 -46.640915
1 -128.24055 -10.972697
1 123.82316 -63.884594
1 114.21647 261.7983
1 118.86397 -58.20339
1 -118.31995 -22.049583
1 133.5842 256.3314
1 117.4797 248.29552
1 119.543655 254.2242
1 125.43731 244.07022
1 129.90991 254.97159
1 133.32669 -49.7691
1 -5.8283153 -110.38116
2 -118.47353 -15.2457075
1 -123.27283 -18.636854
1 127.76851 261.58813
1 -109.2784 -18.859993
1 132.42148 -61.802155
1 -117.00332 -20.89793
1 -124.774 -12.938784
1 122.32556 -55.036854
1 -124.09863 -25.44454
1 133.45905 257.70065
1 129.96054 260.01675
1 132.43129 -45.29122
1 -123.416405 -27.149557
1 122.307915 -57.944977
2 -52.632904 -125.76178
1 -8.236213 -111.44256
1 129.48921 -52.44748
1 -126.19622 -19.601057
1 -8.799213 -114.60433
1 -129.62369 -11.189418
1 -121.57876 -22.845488
1 127.63474 252.69035
1 -107.1773 -20.473091
1 0.54286397 -123.39626
1 -11.487532 -122.13949
1 -11.672151 -115.490555
1 133.58952 253.77592
2 -8.420661 -107.372086
1 129.2183 249.85374
1 -11.981904 -113.511314
2 -92.92231 -92.09602
1 133.23015 -41.837975
1 124.29612 254.95515
1 -119.03872 -19.26544
1 129.05624 -53.224
1 -93.345795 -94.21709
1 -110.89773 -13.633468
1 -120.684715 -18.279188
1 -6.298713 -113.334984
1 125.829124 256.67432
1 129.69667 -51.96115
2 -111.74383 -20.189257
1 -116.965355 -20.273977
2 -109.13074 -42.03776
1 -10.201582 -114.82942
1 134.58202 -58.277676
1 -131.57585 -16.660017
1 123.694435 251.64445
1 139.13202 -45.952435
1 -120.19138 -31.622046
1 -122.39915 -15.569918
1 133.5022 -53.416653
1 120.850136 264.3795
1 117.48602 -54.97967
1 130.19646 -55.467724
2 -51.22308 -120.72565
1 131.30412 -61.220314
2 -81.32635 -91.584595
1 -105.256004 -53.307014
1 -101.349945 -57.236977
1 125.345436 258.18448
1 115.58461 244.57133
1 -94.4819 -41.895657
1 121.21862 -56.1464
1 -0.36858627 -109.2505
1 136.10994 -54.6271
1 -15.707295 -111.45467
1 -126.984886 -12.958934
2 -117.084816 -11.048289
1 116.606804 255.09343
4 -13.595138 -118.83785
3 132.04948 -55.232807
1 -13.419173 -108.5911
3 -9.18537 -122.950035
1 -117.662674 -20.368399
1 -113.66274 -19.848656
1 -5.7653394 -115.03896
2 -112.66253 -11.460899
1 127.58541 -54.540955
1 130.61028 252.62784
1 -7.8784494 -114.134026
1 -12.089448 -109.39044
1 -126.37234 -17.131771
1 118.00227 256.84848
4 -123.61175 -29.751871
1 -10.345735 -112.82381
1 -119.88259 -26.546024
1 117.39172 -56.306072
1 -124.84646 -20.612978
1 -116.82481 -18.926855
1 127.821915 -53.63584
1 -122.156204 -16.324858
1 -118.36147 -20.65035
1 -115.99048 -29.111341
1 126.04665 257.46344
1 -71.56646 -95.16052
1 -94.90308 -36.569523
2 -122.982056 -26.176168
2 -12.468171 -113.35134
1 -117.878494 -21.069159
1 125.7344 258.09595
1 136.84856 259.93164
2 -136.29991 -18.262703
2 -94.212395 -93.40747
1 130.07632 -54.01051
1 1.0499074 -112.432434
1 -4.064961 -111.915344
1 -122.27986 -13.873103
1 124.33025 -51.44702
1 124.48097 -50.246944
1 -129.71983 -15.4680805
1 -118.61175 -21.187145
1 -115.125854 -5.75739
2 -116.311455 -17.147524
1 130.38164 -55.216377
1 -114.235405 -19.994091
1 -133.99828 -15.080416
1 -119.001884 -22.219336
1 137.67091 244.83794
1 -120.74068 -17.541872
1 -93.81491 -41.95841
1 -126.62154 -18.154009
1 -119.82351 -18.253485
1 134.45146 256.2707
1 -112.10335 -21.78329
1 -19.633003 -111.48401
1 124.51693 -44.202343
1 130.75522 254.63081
1 124.041374 262.95294
2 -115.1241 -20.745827
1 116.81945 255.27122
1 -123.078636 -21.846865
1 -7.155903 -112.401085
1 -132.4934 -15.009456
2 -127.99619 -12.830437
1 -120.19219 -20.383001
2 -12.3375435 -107.01891
1 -119.28169 -19.657207
1 118.03628 257.51694
2 -5.547407 -113.61031
1 -117.30337 -31.529388
1 129.34764 -51.252613
1 -11.3427925 -103.799416
2 -50.211346 -125.88745
2 -109.84043 -41.521862
1 133.32256 258.68628
1 5.1507254 -116.41549
1 -117.841896 -18.421444
1 -100.82443 -19.804232
2 -64.56269 -100.99392
1 -121.60093 -21.46221
1 121.01339 262.28925
1 126.57941 -56.923756
1 -92.5526 -39.418354
1 -13.180977 -110.43182
1 -117.337425 -13.857284
2 -52.439095 -123.182304
2 -90.06625 -91.97335
1 120.671165 258.4465
1 126.89844 251.8521
2 -133.32622 -22.512606
1 -115.68426 -18.504675
1 128.72006 245.31143
2 -123.11028 -18.009365
4 -107.265724 -47.50921
2 -55.696774 -123.05215
2 -62.092022 -124.192986
1 117.909904 -46.652996
1 -6.819013 -121.881004
2 -124.98672 -19.602873
2 -114.93496 -23.42275
1 -14.079317 -121.54191
1 -6.390962 -114.18597
1 -114.75803 -29.602789
3 -10.707149 -113.22921
1 -4.638252 -119.21029
1 -117.025246 -20.343863
1 136.12108 256.93768
2 -119.161156 -16.980309
1 132.127 254.72298
1 133.20612 -54.004627
1 -10.915363 -111.61956
1 130.29237 -47.6355
1 125.58056 -54.23117
1 117.11227 253.68977
1 -131.77803 -24.47566
2 -78.77143 -94.853165
2 -125.94116 -17.326836
1 -10.646918 -103.89971
1 -8.660139 -114.62028
2 -120.176346 -16.106783
2 -128.66588 -6.8795214
1 -2.2936106 -108.79059
1 -14.920943 -117.511696
1 136.38713 -45.53348
2 -122.73415 -18.559145
1 -111.17812 -16.142422
1 -114.48291 -17.976088
1 -118.776634 -26.754004
1 -14.698311 -119.397316
1 113.25985 244.65508
2 138.00635 -54.864277
1 -124.4542 -17.575071
1 -15.1803055 -105.41836
1 127.72054 -57.557323
1 -7.388972 -110.69103
2 -105.75039 -40.035816
1 -119.62791 -22.589123
1 128.17004 251.43245
1 -10.301435 -108.88808
1 125.8726 -52.589626
2 -56.96397 -127.69598
2 -132.20035 -15.787529
1 126.539635 244.0009
1 114.50421 248.51521
1 116.129105 254.83609
1 114.36322 251.04784
1 -9.986274 -119.32052
1 -116.31399 -20.460915
1 126.21386 -57.21301
1 -122.21765 -23.096962
1 -122.32688 -26.23258
1 129.0496 -54.16524
1 -6.836799 -113.326225
1 126.76743 254.9569
1 129.24974 253.78978
2 -118.27419 -18.52553
1 -10.58924 -112.383606
1 -115.37502 -23.872244
1 -124.119705 -28.8249
1 -16.962837 -110.866554
1 131.18051 -49.965904
1 -6.268501 -114.39252
1 132.36209 -48.835728
1 -107.6699 -20.78321
1 -3.821748 -109.86432
1 125.37666 242.99748
1 -118.81255 -20.792818
1 -73.26132 -85.96723
1 134.07076 247.3188
1 -116.27278 -19.163143
2 -68.86524 -120.72491
2 -52.59013 -124.4667
1 131.07658 -55.93974
1 -121.897316 -18.178267
1 -7.7891793 -112.64874
1 -115.96209 -21.609777
2 -97.96684 -39.450054
1 -112.8104 -11.309557
1 -122.85696 -17.515148
1 -4.443281 -109.785904
2 -121.41665 -26.140959
2 -106.06402 -43.14824
1 135.87633 253.32256
1 -6.160664 -113.32806
1 125.49282 251.76476
1 125.95552 -48.112766
1 129.2072 -54.085125
1 -116.103294 -19.483253
1 127.115395 256.41022
1 -51.72961 -122.03442
1 -10.293269 -113.38352
1 132.57335 257.0517
1 -8.44029 -108.58264
2 -57.564877 -126.290245
1 116.061806 258.858
1 -118.33858 -19.699383
2 -112.71702 -17.87762
1 121.62671 256.16318
2 -59.595455 -115.39144
1 -117.62935 -21.731646
1 -131.47014 -16.834112
1 124.62612 260.8347
2 -79.81277 -94.30716
1 124.5678 -57.906464
3 -17.040535 -108.10089
1 127.22729 -56.00433
1 -114.35618 -19.80097
2 -125.08931 -18.900866
2 -128.36443 -26.406397
1 129.33434 259.45245
1 132.28673 -51.50645
1 135.56993 246.78897
1 -117.22317 -23.739035
1 129.36533 -54.351875
1 -130.46104 -26.492064
1 128.01442 -43.46482
1 126.43563 249.95547
1 -7.398603 -112.993835
1 -96.146355 -95.11667
1 -119.626366 -20.485632
2 -58.680927 -126.427246
1 -11.571028 -112.329666
2 -5.5635815 -116.05862
1 -7.108967 -113.4837
1 -103.25291 -34.903526
1 127.81504 -54.297047
1 132.86232 258.70135
2 -130.77672 -9.862639
1 -11.142988 -112.56083
1 132.59918 250.40535
2 -68.8994 -120.60134
1 -119.90083 -17.051567
1 123.459854 254.69693
1 122.90884 -67.48935
2 -15.732686 -109.59908
2 -7.4624095 -117.28666
1 -115.34578 -23.972412
1 -16.25881 -109.14143
3 -0.8526805 -125.22936
1 -127.047874 -16.141455
1 -5.9697337 -120.241264
2 -59.524395 -123.50173
1 -16.704367 -119.0422
2 -12.033161 -122.020744
1 -122.70693 -11.489303
2 0.575945 -110.47511
1 -119.31294 -20.157188
1 -17.238863 -117.753784
1 123.5472 -62.04486
1 122.75264 -51.904125
1 -116.0698 -20.882265
1 121.39386 256.1295
2 -132.33272 -21.786919
1 -119.80623 -16.600578
1 -4.7944045 -116.90621
1 120.28234 255.49974
1 127.094666 -54.43028
1 122.333145 254.2439
1 125.26514 250.5848
1 -115.35171 -20.781496
2 -122.02175 -16.630058
1 125.79126 -54.618877
2 -49.182247 -116.87859
2 -44.558235 -124.67721
1 -8.002277 -110.1292
1 -123.60146 -13.049331
1 -24.96462 -110.582695
1 -7.7377143 -115.471855
1 123.48781 249.16841
1 -112.54541 -22.617424
1 125.80639 -45.77394
1 -13.306099 -110.28368
1 121.94982 252.88094
2 -121.90835 -18.089851
1 127.73943 -50.09158
1 124.19218 254.61723
2 -74.0809 -91.06905
1 133.3018 257.498
1 -2.1725779 -111.88118
1 128.85118 250.51993
1 -14.444405 -110.56525
1 117.303406 247.92522
1 117.99712 245.62447
1 125.31329 249.93803
1 -102.90305 -44.949596
1 -118.30239 -23.215126
4 120.067154 -56.05732
1 -12.512752 -118.25736
1 -54.583355 -124.10778
1 129.83107 -45.8817
1 -0.6552806 -117.733696
1 -118.45989 -18.797014
1 -131.47289 -11.531633
1 118.68953 266.5168
2 -121.64822 -17.787514
1 121.89502 -59.05792
1 -123.34263 -19.955824
1 -118.6012 -17.59604
1 -116.25295 -20.09921
1 -126.51135 -20.760567
1 -20.593527 -107.45568
1 129.54955 256.15475
1 120.51112 -48.631084
1 -5.7873974 -113.098656
1 -6.9832225 -105.90051
1 130.40839 254.95113
1 126.112015 -53.90083
1 -7.2677927 -108.656425
2 -117.97195 -16.411705
1 -119.71087 -19.168158
1 -6.6907053 -113.94506
2 -122.73616 -10.63597
1 122.27343 258.0063
1 -6.0980906 -111.74535
1 -123.297195 -21.321667
1 130.9963 -59.272896
1 121.788345 258.17856
1 -127.72353 -19.236666
1 -120.77117 -19.024996
1 -115.31604 -17.861525
2 -45.15207 -124.36981
1 -53.099384 -91.07479
1 -113.974464 -21.2461
1 123.53381 245.97403
1 -95.1352 -39.204967
2 -50.547943 -125.26497
1 139.28145 -48.959698
1 -123.280106 -6.3522754
2 -115.4179 -15.708003
2 -106.90183 -17.583681
1 126.26455 -50.135418
1 -116.172295 -23.63336
1 -54.26667 -107.698906
1 -117.50999 -9.07672
1 -92.40737 -36.91318
1 -95.97047 -37.895973
1 -14.158797 -122.12697
1 127.510826 -55.495644
1 -111.34602 -14.619921
1 125.18496 -54.49882
1 134.8469 -48.895172
1 -16.59714 -120.31902
1 -110.17139 -23.445034
1 128.8383 248.55891
1 123.505424 261.06674
1 132.66368 248.6733
1 -121.44881 -25.488678
1 131.0089 252.79771
1 -14.286519 -121.35972
1 124.4598 257.4616
1 129.34848 -46.80271
2 -0.23526107 -126.39257
1 132.29291 -58.249264
1 134.83502 -48.483776
1 -10.001191 -97.41951
1 -11.46678 -111.40183
2 -58.649055 -128.24162
2 -114.01922 -17.79852
1 131.56885 257.25293
1 128.26204 256.3741
1 132.132 -58.428852
1 126.61898 -53.08861
1 -116.33994 -22.139685
1 -125.5802 -29.305754
1 119.76763 250.56592
1 125.35988 253.52959
2 -6.2445507 -119.083916
1 -116.079346 -22.840582
1 133.04573 -46.228832
1 -117.081764 -9.097216
1 -110.79429 -21.519197
1 -118.41658 -21.046972
1 -115.95754 -21.490898
2 -121.06463 -10.315392
1 121.98296 260.81818
2 -138.26945 -19.299404
1 -117.63374 -19.039442
2 -99.02756 -49.396847
1 -8.991511 -111.675224
1 124.27114 240.14478
1 128.12004 -54.93629
1 -112.91921 -15.846651
1 119.23269 -43.320263
1 -12.203632 -114.04824
1 126.39282 -54.945892
1 130.83862 253.01749
1 131.76163 244.22598
1 -111.2948 -13.50685
2 -58.684383 -128.33072
1 131.07828 245.30742
1 -14.776985 -124.59595
2 -9.400727 -112.927086
1 123.99483 248.76933
1 -98.72645 -43.508297
1 124.4999 255.81363
1 -8.513911 -112.374535
2 -121.87105 -17.211168
1 -108.20937 -13.82592
2 -1.4835032 -119.71584
1 133.13026 -47.87292
1 -121.86751 -17.55412
1 128.78409 -52.374187
1 129.17418 250.14175
1 -117.37569 -19.800331
2 -116.73708 -18.651115
1 -72.90361 -94.30709
1 0.59163105 -114.960655
1 136.98749 251.2065
1 -118.4407 -26.369177
1 129.30617 -46.21101
1 121.31325 -47.530155
1 125.672325 -54.825787
1 123.28859 -53.925423
1 126.50979 -49.91772
1 138.99167 248.3513
1 -15.521065 -120.875465
1 -1.4618968 -113.42034
3 -110.58601 -27.864777
1 -117.143456 -18.37167
1 -121.05625 -18.923666
1 -117.85113 -14.145693
1 -131.1696 -25.963797
1 131.92694 263.65698
2 -7.2226143 -116.32769
1 125.659874 252.12407
1 -134.3991 -25.270668
1 -9.057685 -121.67254
2 1.2130544 -118.2365
1 -96.02746 -40.011322
1 129.3838 -54.422718
1 133.4373 252.13493
1 119.89205 249.85909
1 125.8955 -49.8883
1 126.231255 250.98018
1 -16.572933 -107.203636
1 -116.75474 -20.79057
1 127.06286 250.14844
1 -122.75649 -16.083035
1 127.36173 -54.851387
1 124.22235 267.59186
1 123.98421 -53.25407
1 -123.761185 -22.899704
2 -56.15223 -124.680046
2 -103.064575 -37.203773
1 129.73198 257.65405
1 120.37417 -49.467793
1 -120.17464 -15.713493
1 -118.37136 -20.565762
2 -126.94598 -16.152264
2 -134.58109 -19.26282
1 -112.49082 -14.904759
1 133.05528 -53.917187
2 -118.02236 -17.986519
1 126.41457 -44.538605
1 134.81937 251.96187
1 117.36271 249.77393
1 -89.46516 -48.348587
1 124.7875 -42.792797
1 131.10368 -54.87573
1 -116.442726 -21.74987
1 -109.647804 -22.423681
2 -53.94123 -125.752945
1 132.94885 260.2819
2 -128.78572 -14.402247
1 120.66305 244.96404
1 117.82678 258.88474
1 -119.46956 -16.951805
1 -95.21636 -36.882885
1 -119.05779 -23.694899
1 132.52097 -56.716003
2 -134.45132 -22.784523
1 120.50807 253.52083
1 -118.618286 -28.139753
1 124.16105 252.34056
1 126.534386 -56.11256
2 -102.402855 -45.763943
1 -11.121626 -102.05451
1 -23.114193 -109.321205
1 -11.699299 -108.56081
1 -112.66614 -44.570232
2 -59.286373 -116.21706
1 113.45071 243.54729
1 129.57916 -50.73921
1 129.6906 245.5804
2 -120.34358 -16.007946
1 131.32256 -56.700928
1 -14.852999 -113.79308
2 -103.330444 -49.11598
1 -124.33699 -19.939837
1 120.178444 257.0459
1 126.513084 253.03174
2 -87.98471 -96.83297
1 123.4411 263.05978
2 -114.52779 -16.660412
1 126.67749 255.4724
1 -121.74053 -21.044542
1 -121.29778 -20.610527
2 -115.44783 -16.364061
2 -114.52944 -16.872774
1 -126.87612 -15.152095
1 -5.0140452 -117.55535
1 -14.96938 -115.21793
1 126.110344 251.88084
1 124.54716 255.13933
1 128.5786 -54.301643
1 130.59775 250.35893
1 -10.203718 -106.73815
1 -127.61926 -18.49572
1 -122.688896 -6.373845
1 130.33517 -51.832947
2 -56.453716 -124.13537
1 -19.890743 -127.938774
2 -122.60708 -30.0064
1 137.82274 -45.43581
1 123.68435 253.3444
1 136.44698 -53.856476
1 -118.159355 -18.284899
1 -129.5731 -17.481365
1 -18.507626 -122.354546
1 120.013115 246.64737
4 13.442931 -119.483574
2 -57.43095 -120.39532
1 -116.004814 -16.219479
1 -125.37249 -8.390373
4 -4.165425 -107.912315
1 130.5879 258.38153
2 -121.629295 -12.971703
2 -10.3878 -111.58166
1 -4.0947337 -112.76562
1 -114.10986 -11.250213
1 -115.33679 -26.329254
1 123.619255 -48.475643
1 -96.40569 -36.399597
1 -8.937666 -108.99181
2 -11.39383 -112.85797
1 -120.326294 -15.170769
1 129.58765 -48.87997
2 -76.575264 -79.16842
1 -7.683332 -110.03347
2 -7.148408 -111.57702
1 -128.10574 -17.916653
1 127.928055 -56.665302
1 116.84847 249.09142
1 128.89403 253.24345
1 125.93494 -52.7772
5 -128.77539 -22.929838
1 131.71437 247.42842
1 -118.00823 -16.002758
1 -12.6164255 -114.629715
1 138.71523 243.80664
1 128.38171 -58.378784
2 -101.4313 -44.014126
2 -100.12448 -43.829853
5 1.8157889 -124.822136
1 -8.012641 -111.92141
1 124.27273 252.4523
1 130.09862 -51.80324
2 -116.94033 -18.492306
1 -6.005232 -112.91475
1 126.64587 246.77934
2 -78.172874 -93.76024
1 -117.74544 -19.460735
2 -2.1651926 -119.423035
1 -117.51943 -19.75339
1 -117.92439 -20.062445
1 -118.862236 -20.066866
1 -115.95254 -20.339306
1 -97.98351 -95.13671
1 138.73196 256.8439
1 120.841064 255.54752
1 -105.778984 -44.69337
2 -118.70315 -15.534221
1 125.34618 -59.554073
2 -117.85752 -15.6212
1 -124.272514 -23.945166
1 121.64589 252.77342
2 -11.479743 -107.41729
1 125.32977 -56.41266
1 -126.48281 -22.587765
1 -116.03623 -16.19802
1 -126.761986 -24.218384
2 -77.302666 -87.88377
1 -124.18548 -25.678665
1 128.24524 250.0035
1 -126.49302 -17.611443
1 129.6898 -47.870483
2 -108.10442 -15.5562
1 -113.84475 -13.631072
1 -10.741535 -113.37957
1 132.42516 -51.09611
2 4.503295 -109.61504
2 -58.555706 -109.70382
2 -125.11794 -24.868872
1 -9.432893 -111.2846
2 -52.712532 -127.57039
1 -9.065705 -110.353836
5 -18.110811 -112.953606
1 125.712685 242.46025
1 131.19133 -57.452114
1 126.76559 249.08769
1 -8.06081 -114.54064
1 -13.043831 -114.78749
2 -70.00135 -94.74322
2 -4.6004224 -126.111015
1 128.17221 -61.23132
1 -20.323957 -128.14774
1 -6.9415355 -106.33349
1 -12.339766 -115.426674
2 -119.93538 -29.751047
1 -119.01592 -18.128777
2 -2.2237985 -121.02716
2 -101.246185 -37.934532
1 131.5352 -51.28769
1 114.06066 254.92036
2 -129.73106 -18.543901
2 -58.261078 -117.51217
1 -12.498103 -108.1451
1 7.341375 -122.66831
1 -120.57893 -21.21746
2 -49.427193 -123.29209
1 -8.683735 -125.60664
1 -13.997542 -111.93727
2 -74.8478 -95.44927
2 -124.87158 -16.304247
2 -62.086056 -114.510704
1 128.05841 -62.659542
1 122.10476 -48.04022
1 139.6165 247.8159
2 -111.85244 -24.875982
1 -6.9226265 -110.244835
2 -98.718315 -37.85099
1 -8.71042 -113.84031
1 -9.126777 -115.96902
1 -16.665962 -107.9698
1 125.582375 -46.658375
1 -112.589134 -30.446487
1 -119.48289 -21.94628
2 -2.8512034 -128.14957
1 -15.438619 -112.49805
1 116.72329 245.32515
1 -5.610847 -109.84281
1 131.8575 -57.867596
1 -99.75383 -40.320084
2 -116.76858 -16.358807
1 -11.201386 -106.20662
1 134.39854 -46.37614
1 126.62811 -53.462555
1 -119.91184 -15.093462
2 -51.26263 -123.08569
1 -122.154076 -29.433836
1 127.54699 -52.780334
1 116.40155 255.11824
1 131.649 253.76399
2 -129.05144 -18.13671
1 6.6070976 -122.39502
1 117.9778 249.77449
1 -38.392097 -89.4492
2 -116.69651 -18.912794
1 -117.30257 -17.888884
1 -107.50124 -16.569784
1 -119.64937 -17.906954
2 -3.0914257 -113.40676
1 134.34322 252.14348
1 123.03091 -49.032818
1 -8.373591 -103.276695
1 2.416314 -122.809166
1 -79.468185 -88.65969
2 -53.007454 -126.90767
5 -108.01155 -22.555616
1 128.29474 -50.834766
1 129.30547 -55.182404
3 -18.300325 -110.3245
1 131.25598 -54.076015
2 -117.36489 -17.447908
1 -100.15148 -35.262405
1 -14.401436 -115.30503
1 -7.7766547 -111.65148
1 127.53792 -58.222626
1 -123.352684 -24.125072
1 122.31337 253.83691
1 -116.60879 -19.787401
1 130.12221 -61.97349
1 125.09586 247.63899
1 -8.530646 -117.11535
2 -121.41689 -19.423742
2 -58.771015 -121.69633
1 120.674965 254.77637
2 -124.91946 -17.28196
4 -120.23077 -14.010634
1 135.7897 248.10855
1 -119.70896 -19.17883
1 -61.73132 -133.05101
1 140.08742 256.63715
1 -114.717606 -17.263515
2 -14.358138 -116.697754
2 -116.84287 -15.995943
1 126.517166 -56.845203
2 -3.4497266 -111.2162
1 129.44218 -45.70668
1 128.75139 -51.2335
2 -56.680756 -123.08932
2 -116.59316 -18.292253
1 -48.937725 -98.788994
1 -10.298591 -109.07749
2 -119.69558 -24.121786
2 -50.494892 -128.72151
2 -48.87353 -116.50063
2 -60.281197 -126.10519
1 -123.36501 -23.58742
1 130.71231 244.74796
1 -118.37185 -20.97369
1 130.06801 -39.52954
1 -119.43874 -26.802053
2 -120.77761 -17.220757
1 128.91142 240.04549
1 135.6758 245.74101
2 -10.849128 -103.1509
1 125.93739 -55.100048
1 126.17474 -61.56084
2 -116.19871 -7.7854323
1 132.7443 -56.72128
1 -7.1200385 -108.881004
1 125.92641 245.07161
1 -7.1906443 -106.912895
1 128.56667 -62.01446
1 124.90739 254.47502
1 -125.92449 -9.909777
1 -6.4940867 -110.88439
1 -118.15637 -22.160332
4 128.81581 -46.890514
1 -9.388093 -113.13128
2 -95.95086 -39.177223
1 128.09955 -57.736164
1 -12.238069 -117.57409
1 137.02312 248.1147
1 -126.08718 -17.761053
2 -57.839203 -120.82818
2 -116.91438 -17.655046
1 121.44397 254.59264
1 -115.78802 -18.936846
1 -112.53731 -20.303953
1 -103.09939 -42.46689
1 138.07869 -50.186935
2 -122.7346 -3.9787614
1 131.35936 -54.666237
1 137.83842 -56.885334
1 -124.7636 -30.118591
1 -107.39758 -18.529436
1 129.18375 241.37239
1 123.43398 -53.65823
2 -3.6093824 -114.24703
1 125.28725 -54.70111
1 -119.799736 -29.049545
1 -118.39021 -14.858522
2 -57.206123 -119.38444
1 135.16774 -44.743713
1 128.93456 250.7946
1 -15.828658 -114.00408
1 129.55536 -54.14574
3 -17.203499 -112.215004
1 -119.106865 -20.62361
2 -94.509575 -92.80356
1 -134.58064 -16.934362
1 130.7553 -49.366055
1 -117.59383 -14.763331
2 -95.81866 -38.670578
1 -10.592719 -114.17073
1 126.31225 -49.415752
1 117.16985 -54.99129
1 128.91914 -52.059937
1 124.00757 -51.06763
1 -11.96424 -124.68739
1 -116.27264 -26.20899
1 125.579384 253.15779
1 -10.073774 -113.42434
2 -111.820244 -8.522948
2 -121.09004 -12.131627
1 133.92526 -55.83094
1 122.01006 254.48436
1 122.869484 -56.229645
1 129.30014 -49.661415
1 126.78928 252.84302
1 123.2038 260.6052
1 -10.1233225 -118.69653
5 -5.5952587 -108.79578
2 -74.00251 -88.82827
2 129.52449 -57.426067
1 -115.42527 -18.676039
2 -117.63352 -16.32181
2 -7.2695136 -125.02803
1 119.84987 249.73225
1 -120.63987 -20.349806
1 118.64767 247.81592
1 124.006226 247.65959
1 130.45338 -46.015762
1 126.260155 250.72118
1 122.053444 263.281
2 -16.871138 -115.75159
1 129.75778 264.18646
1 -121.12974 -27.069214
1 136.97505 244.35391
1 -117.352806 -20.097755
1 125.683495 251.33482
2 -132.02312 -19.41972
1 127.87821 259.63144
1 126.42025 -60.473278
1 124.19411 253.73918
1 128.33246 255.1284
