-7.098735999999999535e+01 1.306053699999999935e+03
1.857367600000000039e+02 1.284651499999999942e+03
-1.422950200000000009e+01 1.253179599999999994e+01
1.992767599999999959e+02 1.343318400000000111e+03
3.415081000000000131e+02 1.243667400000000043e+03
1.402133200000000102e+02 1.346998000000000047e+03
-6.429646999999999935e+01 1.188010099999999966e+03
1.703809799999999939e+02 1.228165899999999965e+03
1.282367600000000039e+02 1.289304100000000062e+03
2.503338199999999958e+01 1.243737699999999904e+03
1.605168500000000051e+02 1.165624600000000100e+03
2.426615799999999865e+02 1.300271700000000010e+03
1.036640500000000031e+02 1.160029700000000048e+03
1.613910799999999881e+02 1.109485799999999927e+03
1.160220499999999930e+02 1.400699000000000069e+03
1.131699100000000016e+02 1.220414999999999964e+03
2.934625199999999836e+02 1.279983500000000049e+03
2.166158000000000072e+02 1.073554799999999886e+03
2.727997700000000236e+02 1.344229100000000017e+03
3.395324699999999893e+02 1.300345299999999952e+03
-1.215951899999999952e+01 1.408163800000000037e+03
-7.480035999999999774e+01 1.246312599999999975e+03
2.999468999999999852e+01 1.442272099999999909e+03
1.368565499999999986e+02 1.451225200000000086e+03
5.315307200000000165e+01 1.071224600000000009e+03
2.331258500000000140e+02 1.386551300000000083e+03
-3.570875999999999806e+01 1.138905199999999923e+03
3.297898000000000138e+02 1.188155600000000049e+03
8.314191999999999894e+01 1.458298700000000053e+03
5.625258600000000087e+01 1.195514200000000073e+03
1.638686999999999898e+02 1.057766000000000076e+03
1.951240400000000079e+02 1.448057900000000018e+03
8.150661499999999648e+01 1.341689499999999953e+03
-2.193592599999999848e+01 1.213884199999999964e+03
2.166328900000000033e+02 1.128863299999999981e+03
3.053054200000000264e+02 1.137923700000000053e+03
-1.823580400000000168e+01 1.326528000000000020e+03
-4.820161000000000229e+01 1.365842300000000023e+03
1.082721200000000010e+02 1.054569300000000112e+03
3.229228200000000015e+02 1.351183500000000095e+03
6.349899700000000280e+01 1.401783799999999928e+03
2.646782200000000103e+02 1.101674600000000055e+03
7.687430000000000518e+01 1.268619799999999941e+03
3.385170000000000101e+01 1.307181800000000067e+03
7.681577700000000064e+00 1.166388099999999895e+03
1.039502800000000065e+02 1.104847999999999956e+03
2.216948500000000166e+01 1.367369300000000067e+03
2.154552500000000066e+02 1.187137999999999920e+03
1.743750200000000063e+02 1.399617899999999963e+03
2.659333199999999806e+02 1.168658899999999903e+03
-2.616776000000000124e+01 1.271857999999999947e+03
5.049893000000000143e+01 1.129427200000000084e+03
2.883672000000000253e+02 1.221934099999999944e+03
4.556158499999999556e+00 1.099976899999999887e+03
2.362501800000000003e+02 1.241322100000000091e+03
2.908987999999999943e+02 1.398950900000000047e+03
2.473007399999999905e+02 1.435883700000000090e+03
1.616654699999999991e+02 1.520801300000000083e+03
-1.566193199999999877e+02 8.765012000000000398e+02
9.417292000000000485e+01 8.156434000000000424e+02
-3.490439599999999842e+01 8.732614999999999554e+02
3.473007200000000125e+02 9.402009000000000469e+02
-1.119567600000000084e+03 -6.067673300000000154e+02
-8.780665000000000191e+02 -7.952718999999999596e+02
-1.051965200000000095e+03 -6.119615999999999758e+02
-9.062312600000000202e+02 -6.246327499999999873e+02
-1.074769299999999930e+03 -7.803864999999999554e+02
-8.095673000000000457e+02 -7.700022999999999911e+02
-1.140019700000000057e+03 -7.861568999999999505e+02
-7.676874000000000251e+02 -6.855009000000000015e+02
-1.091797199999999975e+03 -6.472803000000000111e+02
-1.114536499999999933e+03 -9.005594499999999698e+02
-1.000941400000000044e+03 -6.991869000000000369e+02
-9.282359000000000151e+02 -7.753058999999999514e+02
-7.632168599999999969e+02 -7.337159000000000333e+02
-1.096090699999999970e+03 -5.315830700000000206e+02
-9.968074299999999539e+02 -9.028701999999999543e+02
-1.084166699999999992e+03 -5.758180499999999711e+02
-8.320756999999999834e+02 -8.139253499999999804e+02
-9.966500999999999522e+02 -6.418500999999999976e+02
-8.539989000000000487e+02 -6.442780999999999949e+02
-8.141789599999999609e+02 -8.642900399999999763e+02
-1.172559799999999996e+03 -8.187096000000000231e+02
-8.332527499999999918e+02 -5.624456000000000131e+02
-1.003473629999999957e+03 -5.922936399999999821e+02
-8.592380000000000564e+02 -5.989676500000000487e+02
-1.108586000000000013e+03 -7.445080000000000382e+02
-1.107312599999999975e+03 -8.196394000000000233e+02
-8.993309000000000424e+02 -7.331291999999999689e+02
-9.526885399999999890e+02 -6.019897999999999456e+02
-1.086016100000000051e+03 -8.678936999999999671e+02
-9.898233599999999797e+02 -5.455939300000000003e+02
-1.034778600000000097e+03 -7.443162999999999556e+02
-9.433545500000000175e+02 -5.528306000000000040e+02
-1.073490500000000111e+03 -9.264464000000000397e+02
-9.027480000000000473e+02 -8.802046000000000276e+02
-1.043219100000000026e+03 -8.907685500000000047e+02
-9.802953999999999724e+02 -9.474369000000000369e+02
-1.135241700000000037e+03 -5.601114999999999782e+02
-9.498059700000000021e+02 -6.590039000000000442e+02
-9.009012000000000171e+02 -5.732042000000000144e+02
-8.071236599999999726e+02 -7.187539000000000442e+02
-1.166991999999999962e+03 -5.965825999999999567e+02
-1.039507599999999911e+03 -5.560497400000000425e+02
-1.028509800000000041e+03 -9.420139000000000351e+02
-1.007739599999999996e+03 -5.031226500000000215e+02
-9.132178000000000111e+02 -5.152228000000000065e+02
-1.196245499999999993e+03 -7.786726999999999634e+02
-8.138963999999999714e+02 -6.670367400000000089e+02
-9.682212500000000546e+02 -8.095090000000000146e+02
-8.635528000000000475e+02 -8.507852000000000317e+02
-1.007386100000000056e+03 -8.522560399999999845e+02
-1.163155600000000049e+03 -6.957061999999999671e+02
-1.042923299999999927e+03 -6.643461999999999534e+02
-9.299911499999999478e+02 -9.420612999999999602e+02
-8.539667399999999589e+02 -6.996259000000000015e+02
-9.475042999999999438e+02 -7.125336999999999534e+02
-7.871579600000000028e+02 -8.256236599999999726e+02
-1.189954099999999926e+03 -6.376728000000000520e+02
-9.594198000000000093e+02 -5.037214399999999728e+02
-1.206086299999999937e+03 -7.316470299999999725e+02
-1.159936899999999923e+03 -7.430491299999999910e+02
-9.477361499999999523e+02 -9.036761500000000069e+02
-8.862197999999999638e+02 -9.225236999999999625e+02
-1.054606899999999996e+03 -8.321885999999999513e+02
-8.526105300000000398e+02 -7.524723500000000058e+02
-9.135130000000000337e+02 -8.302091699999999719e+02
-9.564244999999999663e+02 -8.585585300000000188e+02
-8.721062600000000202e+02 -5.360584000000000060e+02
-1.068214199999999892e+03 -7.082848500000000058e+02
-1.053156999999999925e+03 -5.128972999999999729e+02
-8.476074999999999591e+02 -8.968174400000000333e+02
-1.204643000000000029e+03 -6.826009999999999991e+02
-1.145700399999999945e+03 -6.482065999999999804e+02
-7.817107499999999618e+02 -6.368981300000000374e+02
-1.019217700000000036e+03 -7.959702999999999520e+02
-9.802958999999999605e+02 -7.542445999999999913e+02
-1.138117999999999938e+03 -8.551803999999999633e+02
-7.679693600000000515e+02 -7.816091300000000501e+02
-1.116147300000000087e+03 -6.930174600000000282e+02
-8.087637999999999465e+02 -6.026380599999999959e+02
-8.996458999999999833e+02 -6.770363999999999578e+02
-1.191621599999999944e+03 -8.810307599999999866e+02
5.514288700000000176e+01 1.409661999999999864e+02
1.509994000000000085e+02 1.438709000000000060e+02
-4.558879000000000303e+01 2.659410700000000247e+02
-1.923503300000000138e+01 1.864608900000000062e+02
3.169239799999999718e+02 -8.308293499999999767e+02
3.018063700000000154e+02 -7.494026499999999942e+02
4.367486599999999726e+02 -7.974245600000000422e+02
3.809638400000000047e+02 -7.659972999999999956e+02
2.574449999999999932e+02 -6.859711999999999534e+02
3.096807600000000207e+02 -9.105301500000000487e+02
2.450442400000000021e+02 -1.255108999999999924e+03
3.415963699999999790e+02 5.487586600000000203e+01
3.832444800000000100e+02 2.286271399999999971e+02
4.175130300000000148e+02 2.204637999999999920e+01
4.327993999999999915e+02 1.514632000000000005e+02
5.204032999999999447e+02 -2.765632799999999847e+01
2.870638999999999896e+02 1.398018299999999954e+02
4.834553199999999720e+02 5.300642799999999966e+01
3.616798999999999751e+02 1.355825299999999913e+02
6.232908999999999651e+02 -6.468004999999999427e+01
-1.447776399999999967e+03 6.880109999999999673e+02
-1.377126199999999926e+03 7.602486999999999853e+02
-1.532938699999999926e+03 4.433198199999999929e+02
-1.511097899999999981e+03 3.072094399999999723e+02
-1.661428799999999910e+03 6.544523299999999608e+02
1.495366699999999938e+01 -4.388824799999999868e+02
-6.058134599999999814e+00 -1.081655599999999993e+02
-9.659846000000000288e+01 -2.616141000000000076e+02
1.548461800000000039e+02 -3.165661299999999869e+02
-8.011311000000000604e+01 -1.434245099999999979e+02
1.478929100000000005e+02 -2.629598399999999856e+02
-1.233257399999999961e+02 -1.998317000000000121e+02
7.141371000000000357e+00 -1.837379200000000026e+02
2.190855999999999995e+02 -1.867414100000000019e+02
-3.405040000000000333e+01 -3.848872700000000009e+02
1.722435600000000022e+02 -2.103358900000000062e+02
2.054757999999999925e+02 -2.605285000000000082e+02
-8.672360000000000468e+01 -3.369295700000000124e+02
1.527035000000000082e+03 -2.699283800000000042e+02
1.789583900000000085e+03 1.032221999999999973e+01
8.691187999999999647e+02 6.335656000000000176e+02
1.175954500000000053e+03 3.980294999999999845e+02
1.033211800000000039e+03 5.798855999999999540e+02
1.016145750000000021e+03 4.211905499999999734e+02
1.055330899999999929e+03 4.728035300000000234e+02
9.883066000000000031e+02 6.866899399999999787e+02
1.005929899999999975e+03 5.079079300000000217e+02
1.173563000000000102e+03 4.663756000000000199e+02
1.211465799999999945e+03 6.418497300000000223e+02
1.095360500000000002e+03 6.897753999999999905e+02
9.367579299999999876e+02 4.946052000000000248e+02
1.243864100000000008e+03 4.872436200000000213e+02
8.835570000000000164e+02 4.666718399999999747e+02
1.071138500000000022e+03 5.368957500000000209e+02
9.396225600000000213e+02 7.243360599999999749e+02
8.944462999999999511e+02 6.862134999999999536e+02
1.144816800000000057e+03 6.697550700000000461e+02
1.048420900000000074e+03 7.626580999999999904e+02
9.862585000000000264e+02 6.198328999999999951e+02
9.088050500000000511e+02 5.439772000000000389e+02
1.154348999999999933e+03 6.144186999999999443e+02
1.103146999999999935e+03 7.518017599999999447e+02
1.195901499999999942e+03 6.965126999999999953e+02
1.248460800000000063e+03 5.960203999999999951e+02
8.566429000000000542e+02 5.779981699999999591e+02
1.045649499999999989e+03 6.469216300000000501e+02
1.254871699999999919e+03 5.399438999999999851e+02
9.590022000000000162e+02 3.872516200000000026e+02
1.041503200000000106e+03 7.088760399999999890e+02
9.714207000000000107e+02 4.520360699999999952e+02
1.094005200000000059e+03 6.114975600000000213e+02
1.073148699999999963e+03 4.135210299999999961e+02
1.197144199999999955e+03 5.743291600000000017e+02
1.067476000000000113e+03 3.576472800000000234e+02
9.704944500000000289e+02 5.568465599999999540e+02
9.903348999999999478e+02 7.497395000000000209e+02
9.164463500000000522e+02 4.229756199999999922e+02
1.153059999999999945e+03 7.333515599999999495e+02
9.382224999999999682e+02 6.558858599999999797e+02
1.132688000000000102e+03 5.541944600000000491e+02
1.125784799999999905e+03 4.319162999999999784e+02
1.010768599999999992e+03 3.635511500000000069e+02
8.596118999999999915e+02 5.177568999999999733e+02
1.124702800000000025e+03 3.704595299999999725e+02
9.191205999999999676e+02 6.007749000000000024e+02
1.117490199999999959e+03 4.932381300000000124e+02
1.190393900000000031e+03 5.190040999999999940e+02
1.219747800000000097e+03 4.366706199999999853e+02
1.286235200000000077e+03 6.752762500000000045e+02
-6.449042000000000030e+01 1.603952800000000025e+03
3.855020999999999844e+02 1.738598999999999933e+03
-1.335260500000000093e+03 3.655491299999999910e+02
-1.353151599999999917e+03 4.589871999999999730e+02
-1.084483400000000074e+03 5.090966000000000236e+02
-1.074049899999999980e+03 4.609268200000000206e+02
-1.126411900000000060e+03 3.979861799999999903e+02
-1.071203600000000051e+03 4.086857600000000161e+02
-1.092081400000000031e+03 3.553378299999999967e+02
-1.417542699999999968e+03 4.474646599999999808e+02
-1.246449200000000019e+03 5.433304000000000542e+02
-1.377858899999999949e+03 5.664687999999999874e+02
-1.401090500000000020e+03 3.892636400000000094e+02
-1.136461000000000013e+03 4.484884599999999750e+02
-1.383489100000000008e+03 3.267006000000000085e+02
-1.093115700000000061e+03 5.598381299999999783e+02
-1.401970000000000027e+03 5.104488799999999742e+02
-1.252738200000000006e+03 2.781700000000000159e+02
-1.322235699999999952e+03 2.942044399999999769e+02
-1.182631300000000010e+03 2.841042499999999791e+02
-1.304694099999999935e+03 4.202738600000000133e+02
-1.129401599999999917e+03 6.011313499999999976e+02
-1.148921299999999974e+03 5.485462599999999611e+02
-1.221961700000000064e+03 6.338811600000000226e+02
-1.287270899999999983e+03 5.846054000000000315e+02
-1.343368199999999888e+03 6.162239399999999705e+02
-1.323813400000000001e+03 5.219068999999999505e+02
-1.280858199999999897e+03 6.464042399999999589e+02
-1.237221700000000055e+03 4.079121400000000222e+02
-1.263589199999999892e+03 4.772190600000000131e+02
-1.204912000000000035e+03 3.401486199999999940e+02
-1.271229000000000042e+03 3.421355599999999981e+02
-1.146443999999999960e+03 4.965350300000000061e+02
-1.495261500000000069e+03 5.654320000000000164e+02
-1.751514599999999859e+02 -1.175498900000000049e+03
-4.261501000000000090e+02 -9.467131299999999783e+02
-6.446950000000000500e+02 -1.577049999999999955e+03
-1.334847800000000007e+03 -1.823566099999999892e+02
-1.476189699999999903e+03 -2.356664700000000039e+02
-1.418883900000000040e+03 -1.806962399999999889e+02
-1.392914299999999912e+03 -2.653546799999999735e+02
-1.488047199999999975e+03 -3.152288199999999847e+02
-1.370634000000000015e+03 -1.163913040000000052e+02
-1.430112900000000081e+03 -3.571397400000000175e+02
-1.302821200000000090e+03 -2.886965000000000146e+02
-1.701548000000000002e+03 -3.378171699999999760e+02
-5.670558499999999640e+02 -1.203490399999999909e+03
-5.524221999999999753e+02 -1.032218100000000049e+03
-7.684801999999999680e+02 -1.185730000000000018e+03
-6.153083500000000186e+02 -1.269430900000000065e+03
-6.346119999999999663e+02 -1.123467300000000023e+03
-5.602508000000000266e+02 -1.111136099999999942e+03
-6.557382999999999811e+02 -1.204099500000000035e+03
-7.137464599999999564e+02 -1.137379899999999907e+03
-7.117975999999999885e+02 -1.255976699999999937e+03
-8.302527999999999793e+02 -1.465090200000000095e+03
5.075263699999999858e+02 6.242426000000000386e+02
6.321994999999999436e+02 6.049841000000000122e+02
3.871335799999999949e+02 6.192618400000000065e+02
4.639039300000000026e+02 3.914517999999999915e+02
3.407067299999999932e+02 5.567391000000000076e+02
4.673871500000000196e+02 4.668104999999999905e+02
5.081168799999999806e+02 7.136044299999999794e+02
3.404294699999999807e+02 4.774476300000000037e+02
5.394919399999999996e+02 4.302737700000000132e+02
3.937230500000000006e+02 4.191860399999999913e+02
4.450009000000000015e+02 6.755715000000000146e+02
4.071125499999999988e+02 5.123376500000000533e+02
5.703930699999999661e+02 5.700619500000000244e+02
5.970223999999999478e+02 4.714923999999999751e+02
6.407700999999999567e+02 5.231790999999999485e+02
5.177388999999999442e+02 5.223220999999999776e+02
4.495134300000000280e+02 5.761961000000000013e+02
5.698478999999999814e+02 6.657790999999999713e+02
6.527955299999999852e+02 7.020617999999999483e+02
-1.337524799999999914e+03 1.916368999999999971e+02
-1.495176500000000033e+03 9.241559399999999869e+02
5.607777999999999565e+02 8.350423600000000306e+02
6.663781999999999925e+02 9.035094599999999900e+02
5.772989499999999907e+02 1.017200129999999945e+03
6.321648999999999887e+02 8.345415600000000040e+02
5.851409999999999627e+02 9.276880499999999756e+02
7.460062000000000353e+02 8.413497300000000223e+02
6.487424999999999500e+02 9.860050700000000461e+02
5.084510000000000218e+02 9.757644699999999602e+02
5.112783499999999890e+02 8.972861299999999574e+02
8.021036400000000413e+02 8.909557999999999538e+02
6.937150000000000318e+02 7.934895999999999958e+02
7.346952499999999873e+02 9.322218599999999924e+02
8.627600999999999658e+02 1.283258700000000090e+03
-1.142342399999999998e+03 -7.292370599999999570e+01
-1.082932499999999891e+03 -1.530891599999999926e+02
-1.058210299999999961e+03 -6.487456000000000245e+01
-1.158211299999999937e+03 -1.551044799999999952e+02
-1.022997299999999996e+03 -2.180252499999999998e+02
-1.108036299999999983e+03 -2.403622000000000014e+02
-1.231536000000000058e+03 -1.479848499999999945e+02
-1.006595900000000029e+03 -1.369853400000000079e+02
-1.181509499999999889e+03 -2.527994999999999948e+02
-1.579018600000000106e+03 -3.031707000000000107e+02
5.617804999999999609e+02 -8.023894000000000233e+02
6.171096000000000004e+02 -6.922270999999999503e+02
7.255229000000000497e+02 -8.502290600000000040e+02
7.332041600000000017e+02 -7.336539999999999964e+02
9.864927999999999884e+02 -1.296922700000000077e+03
-1.571851100000000088e+03 1.542428099999999915e+02
-1.779909300000000030e+03 -1.959865599999999972e+02
-6.706429399999999532e+02 1.075749499999999898e+03
-8.515718399999999519e+02 1.024966100000000097e+03
-9.133254399999999578e+02 8.618514000000000124e+02
-9.795244000000000142e+02 1.147941000000000031e+03
-8.446453999999999951e+02 8.487886999999999489e+02
-8.019343000000000075e+02 1.210455099999999902e+03
-6.965013400000000274e+02 1.135479499999999916e+03
-9.823968999999999596e+02 9.859048000000000229e+02
-1.043182700000000068e+03 9.829139400000000251e+02
-7.510821499999999560e+02 9.427572000000000116e+02
-1.026578600000000051e+03 1.104307700000000068e+03
-1.017132799999999975e+03 9.261548000000000229e+02
-8.151239000000000487e+02 1.088808700000000044e+03
-7.448740000000000236e+02 1.182116299999999910e+03
-9.433414999999999964e+02 9.356246300000000247e+02
-8.226747000000000298e+02 1.154260700000000043e+03
-8.738676000000000386e+02 9.077880999999999858e+02
-7.742436000000000149e+02 8.580437600000000202e+02
-8.137332000000000107e+02 9.679861499999999523e+02
-9.448705999999999676e+02 1.101472199999999930e+03
-7.189844399999999496e+02 8.915135999999999967e+02
-8.078336000000000467e+02 9.050807499999999663e+02
-8.867821000000000140e+02 1.146335199999999986e+03
-7.608554000000000315e+02 1.124408200000000079e+03
-9.274081400000000031e+02 1.024165199999999913e+03
-8.839258399999999938e+02 1.082384900000000016e+03
-1.047869799999999941e+03 1.044198599999999942e+03
-7.291949499999999489e+02 1.069202900000000000e+03
-9.872672000000000025e+02 1.052717799999999897e+03
-6.822055000000000291e+02 9.457218000000000302e+02
-8.659415000000000191e+02 1.210948100000000068e+03
-9.727463400000000320e+02 8.834542000000000144e+02
-6.659948000000000548e+02 1.011503850000000057e+03
-8.884847399999999880e+02 9.687324999999999591e+02
-7.811128499999999804e+02 1.029133900000000040e+03
-9.285163599999999633e+02 1.189027199999999993e+03
-7.238898000000000366e+02 9.998427000000000362e+02
-1.030594800000000077e+03 1.225513899999999921e+03
2.389677399999999921e+02 -4.919026000000000067e+02
4.210557000000000016e+02 -1.640664500000000032e+02
5.002264700000000062e+02 -3.761735499999999774e+02
4.225690000000000168e+02 -2.400197300000000098e+02
2.239816899999999862e+02 -3.582862999999999829e+02
3.639701499999999896e+02 -2.094381099999999947e+02
3.456152299999999968e+02 -2.757515300000000025e+02
3.914341699999999946e+02 -4.377019700000000171e+02
2.497971599999999910e+02 -4.235624399999999810e+02
5.080511799999999880e+02 -3.117511600000000271e+02
2.761057999999999879e+02 -2.997041300000000206e+02
2.947629699999999957e+02 -5.135039000000000442e+02
5.032127699999999777e+02 -2.483087899999999877e+02
1.872641600000000039e+02 -4.582515999999999963e+02
3.135474500000000262e+02 -4.482054999999999723e+02
3.797103999999999928e+02 -3.257857399999999757e+02
4.460897499999999809e+02 -2.980751999999999953e+02
3.596886299999999892e+02 -1.438374499999999898e+02
2.940853000000000179e+02 -3.637121300000000019e+02
1.701887199999999893e+02 -4.004094000000000051e+02
4.328325500000000261e+02 -3.679381399999999758e+02
2.929375999999999749e+02 -2.286278700000000015e+02
3.547312000000000012e+02 -5.091801500000000260e+02
1.380477300000000085e+01 -2.824005999999999972e+02
4.745406500000000278e+02 -1.955108799999999860e+02
3.527429999999999950e+02 -3.883962999999999965e+02
2.990625600000000190e+02 -1.613853000000000009e+02
4.618878500000000145e+02 -4.269373199999999997e+02
4.128417400000000157e+02 -4.957427700000000073e+02
4.815197999999999752e+02 -4.892258600000000115e+02
6.823056000000000267e+02 -6.034178000000000566e+02
1.447875500000000102e+03 -1.116439359999999965e+02
1.240889499999999970e+02 5.327928000000000566e+02
1.024088749999999948e+02 7.072206999999999653e+02
4.461814499999999839e+01 5.180359999999999445e+02
3.279608999999999952e+01 6.031077999999999975e+02
-4.434823999999999700e+01 4.927694399999999746e+02
-5.174118800000000107e+01 3.573480999999999881e+02
-3.826753000000000071e+01 5.736979999999999791e+02
1.158369749999999954e+02 6.416629000000000360e+02
5.615369000000000277e+00 4.371540800000000218e+02
1.820615999999999985e+02 4.811250000000000000e+02
1.768766799999999932e+02 6.533069000000000415e+02
9.220951999999999771e+01 4.456035999999999717e+02
2.091724199999999882e+02 5.920910000000000082e+02
1.821656600000000026e+01 7.539781000000000404e+02
-9.352539699999999812e+02 3.234284700000000043e+02
-9.735273399999999810e+02 3.845994000000000028e+02
-1.048722400000000107e+03 6.599787599999999657e+02
-8.434601999999999862e+02 5.035240800000000263e+02
-9.049211400000000367e+02 3.790035700000000247e+02
-9.964696999999999889e+02 3.130498000000000047e+02
-8.679178500000000440e+02 5.684229000000000269e+02
-8.766236999999999853e+02 6.448247699999999440e+02
-9.329936500000000024e+02 5.923763000000000147e+02
-9.930231300000000374e+02 6.766704999999999472e+02
-9.618614000000000033e+02 4.541345800000000281e+02
-8.498965500000000475e+02 2.822775300000000129e+02
-1.000670039999999972e+03 6.043354000000000497e+02
-8.436438000000000557e+02 3.913547699999999736e+02
-8.209134999999999991e+02 6.144010600000000295e+02
-7.755334000000000287e+02 4.997130399999999781e+02
-9.352051400000000285e+02 6.617948999999999842e+02
-7.896059999999999945e+02 5.600401000000000522e+02
-8.893011999999999944e+02 4.469905999999999722e+02
-9.792700999999999567e+02 5.328881999999999834e+02
-8.062621500000000196e+02 4.428448999999999955e+02
-9.151067000000000462e+02 5.139585600000000341e+02
-3.849470800000000281e+02 -4.267298299999999927e+02
-4.508725999999999772e+02 -4.014970700000000079e+02
-5.284107000000000198e+02 -3.519866299999999910e+02
-3.077348600000000260e+02 -2.569862699999999904e+02
-4.905934799999999996e+02 -2.931623200000000224e+02
-3.889175700000000120e+02 -2.317788999999999930e+02
-6.291556399999999485e+02 -3.867720600000000104e+02
7.018854000000000042e+02 -1.164784799999999905e+03
4.233267999999999915e+02 -1.249251999999999953e+03
4.195201400000000262e+02 -1.139852499999999964e+03
4.845347300000000246e+02 -1.273311400000000049e+03
4.125041499999999814e+02 -9.783613000000000284e+02
6.864247000000000298e+02 -1.038443999999999960e+03
7.034266400000000203e+02 -1.099864100000000008e+03
5.223155500000000302e+02 -9.963612699999999904e+02
5.911860000000000355e+02 -9.523379499999999780e+02
5.878318500000000313e+02 -1.192069700000000012e+03
6.490223999999999478e+02 -9.861598500000000058e+02
4.676573500000000081e+02 -9.425633000000000266e+02
4.573455000000000155e+02 -1.195317900000000009e+03
5.385421999999999798e+02 -1.064252300000000105e+03
3.496377299999999764e+02 -1.142801400000000058e+03
5.924717000000000553e+02 -1.021586059999999975e+03
4.586570699999999761e+02 -1.021085940000000051e+03
6.101360499999999547e+02 -1.253844000000000051e+03
6.410634999999999764e+02 -1.146259999999999991e+03
4.731300400000000081e+02 -1.088590200000000095e+03
5.506491999999999507e+02 -1.279509000000000015e+03
4.041361999999999739e+02 -1.073932299999999941e+03
5.087191199999999753e+02 -1.147560699999999997e+03
3.349039000000000215e+02 -1.082743199999999888e+03
6.632536999999999807e+02 -1.217957900000000109e+03
5.743632000000000062e+02 -1.122115999999999985e+03
5.253731999999999971e+02 -1.216712800000000016e+03
5.304998000000000502e+02 -9.309134000000000242e+02
3.640996000000000095e+02 -1.024118400000000065e+03
6.316695600000000468e+02 -1.076712399999999889e+03
3.786513699999999858e+02 -1.199718100000000049e+03
6.570951000000000022e+02 -1.343719200000000001e+03
5.764751599999999598e+02 1.453211000000000013e+03
7.672806399999999485e+02 1.618571699999999964e+03
-1.516111699999999928e+03 -4.172376699999999801e+02
-1.421923999999999978e+03 -4.512451199999999858e+02
-1.362165999999999940e+03 -3.603913000000000011e+02
-1.697796299999999974e+03 -5.149366999999999734e+02
-3.127146299999999997e+02 -1.264856700000000046e+03
-3.569825700000000097e+02 -1.005102359999999976e+03
-2.382340199999999868e+02 -1.228801600000000008e+03
-4.345301799999999730e+02 -1.028827500000000100e+03
-2.407021200000000078e+02 -1.097521899999999960e+03
-4.342527999999999793e+02 -1.093893600000000106e+03
-3.334207000000000107e+02 -1.190217799999999897e+03
-3.937894000000000005e+02 -1.261169399999999996e+03
-4.031992799999999875e+02 -1.176188200000000052e+03
-3.510400399999999763e+02 -1.099820799999999963e+03
-2.699927000000000135e+02 -1.158186799999999948e+03
-4.733507700000000114e+02 -1.158994799999999941e+03
-4.671025700000000143e+02 -1.246579500000000053e+03
-2.970153999999999996e+02 -1.045368899999999940e+03
-4.691859400000000164e+02 -1.511852399999999989e+03
-4.417197399999999874e+01 -1.419873900000000049e+03
4.994192999999999927e+01 -1.309490399999999909e+03
6.331353700000000195e+00 -1.245657699999999977e+03
-6.698510000000000275e+01 -1.298372000000000071e+03
1.120056459999999987e+02 -1.258276200000000017e+03
-8.245145999999999731e+01 -1.230816499999999905e+03
8.878265999999999991e+00 -1.365501999999999953e+03
1.148852700000000056e+02 -1.348842499999999973e+03
-9.849844000000000221e+01 -1.361264499999999998e+03
1.233645199999999988e+02 -1.652932399999999916e+03
-2.906030299999999897e+02 -3.324317599999999970e+02
-4.247653500000000122e+02 -2.829521799999999985e+02
-5.629276999999999589e+02 -4.324634699999999725e+02
5.230971700000000055e+02 1.097168699999999944e+03
5.773320999999999685e+02 1.247865500000000111e+03
6.166059599999999818e+02 1.327016399999999976e+03
8.084231999999999516e+02 1.527969499999999925e+03
-6.286186000000000149e+02 -1.861372000000000071e+02
-6.191633000000000493e+02 -6.027836200000000133e+01
-6.839340999999999440e+02 -2.162001199999999912e+01
-4.940320399999999950e+02 -2.596214300000000108e+01
-6.724358499999999594e+02 -1.201172700000000049e+02
-8.225971700000000055e+02 -1.674242999999999881e+02
-7.466888400000000274e+02 -1.221688699999999983e+02
-4.887216500000000110e+02 -1.649844500000000096e+02
-7.601685999999999694e+02 -4.243457800000000191e+01
-7.590149000000000115e+02 -2.068240499999999997e+02
-8.247585000000000264e+02 -8.992973999999999535e+01
-5.392554300000000467e+02 -8.746885000000000332e+01
-4.714139000000000124e+02 -9.903610999999999365e+01
-6.903384399999999914e+02 -2.253369000000000142e+02
-5.565622600000000375e+02 -1.836953100000000063e+02
7.057019000000000233e+02 1.461871800000000121e+02
5.979725300000000061e+02 2.734529400000000123e+02
5.983314000000000306e+02 1.931586200000000133e+02
7.973150600000000168e+02 1.418693000000000097e+02
6.735990600000000086e+02 2.162748400000000117e+02
7.010897999999999683e+02 2.821240000000000236e+02
6.137359000000000151e+02 4.642081999999999908e+01
5.201150499999999965e+02 2.037611100000000022e+02
7.774623400000000402e+02 2.750330799999999840e+02
7.706752999999999929e+02 2.059266800000000046e+02
5.243837999999999511e+02 2.775479399999999828e+02
6.875724500000000035e+02 3.080704899999999924e+01
7.420688000000000102e+02 8.058065999999999462e+01
6.370284400000000460e+02 1.147216999999999985e+02
5.571061999999999443e+02 1.233781900000000036e+02
7.052391999999999825e+02 3.521483000000000061e+02
6.284167999999999665e+02 3.354411299999999869e+02
8.831290999999999940e+02 2.109320999999999913e+02
7.620802599999999529e+02 -4.917415199999999800e+02
8.669349999999999454e+02 -4.226891800000000217e+02
9.590656000000000176e+02 -3.395847999999999729e+02
6.677395000000000209e+02 -3.955254800000000159e+02
9.209281600000000481e+02 -4.699327700000000050e+02
7.229538599999999633e+02 -4.316657999999999902e+02
7.102746600000000399e+02 -2.509550299999999936e+02
6.573398999999999432e+02 -4.787921000000000049e+02
8.042314999999999827e+02 -3.309179399999999873e+02
8.752821000000000140e+02 -3.534005000000000223e+02
7.382713999999999714e+02 -3.460736999999999739e+02
4.339830299999999852e+02 -6.282717999999999847e+02
6.983008999999999560e+02 -5.278822000000000116e+02
9.058674999999999500e+02 -2.916806000000000267e+02
8.380177599999999529e+02 -2.667479200000000219e+02
7.719372600000000375e+02 -2.543670299999999997e+02
7.633600500000000011e+02 -5.683514400000000251e+02
9.476942999999999984e+02 -4.020977199999999812e+02
6.815040999999999940e+02 -3.146143999999999892e+02
8.961290999999999940e+02 -5.341271000000000413e+02
8.310566999999999780e+02 -5.637709999999999582e+02
8.327415999999999485e+02 -4.893990200000000073e+02
7.940289299999999457e+02 -4.097845800000000054e+02
1.007196800000000053e+03 -4.841958599999999819e+02
6.471968399999999519e+02 1.412542999999999893e+03
9.274104999999999563e+02 1.529171900000000051e+03
5.312967499999999745e+02 1.184480099999999993e+03
5.369919399999999996e+02 1.337837199999999939e+03
5.531500999999999522e+02 1.668523599999999988e+03
4.638905599999999936e+02 -1.401268000000000029e+03
5.307772999999999683e+02 -1.446105999999999995e+03
3.433793299999999817e+02 -1.500577900000000000e+03
4.410615000000000236e+02 -1.696601300000000037e+03
1.012636700000000019e+03 -1.179382399999999961e+03
1.326019999999999982e+03 -1.213545699999999897e+03
-1.338096600000000080e+02 -8.422687399999999798e+02
-6.200915499999999980e+01 -8.223534499999999525e+02
-8.865054999999999552e+01 -8.929064300000000003e+02
1.506399099999999862e+02 -8.658305000000000291e+02
-5.396251300000000128e+01 -7.497187500000000000e+02
-1.317071500000000128e+02 -7.744051500000000487e+02
2.092199000000000098e+01 -9.180692999999999984e+02
8.260493499999999756e+01 -9.392177000000000362e+02
1.455194099999999935e+02 -9.350459600000000364e+02
1.286194199999999910e+02 -6.734601000000000113e+02
1.729598799999999983e+02 -7.997961000000000240e+02
-6.141055699999999717e+01 -6.594317600000000539e+02
1.864698200000000128e+01 -7.785984499999999571e+02
7.970963999999999317e+01 -8.591011399999999867e+02
2.634850699999999879e+00 -8.497212500000000546e+02
4.765401400000000010e+00 -6.269702999999999520e+02
1.582895800000000008e+02 -7.345638000000000147e+02
-3.936240000000000094e+01 -9.348976400000000240e+02
-1.116501849999999934e+02 -7.075824999999999818e+02
1.903056499999999929e+00 -6.985752999999999702e+02
7.112487000000000137e+01 -7.181584500000000162e+02
9.654967999999999506e+01 -7.887115000000000009e+02
7.195703000000000316e+01 -6.349645000000000437e+02
4.153499000000000052e+01 -1.015538199999999961e+03
-1.458336199999999963e+03 1.431055100000000095e+02
-1.385632700000000114e+03 1.246798699999999940e+02
-1.377427599999999984e+03 4.685161999999999694e+01
-1.294795499999999947e+03 7.478839999999999577e+01
-1.499634299999999939e+03 2.022181199999999990e+02
-1.736772999999999911e+03 1.880822300000000098e+02
1.063220499999999902e+03 -7.477344399999999496e+02
1.116143100000000004e+03 -8.083189999999999600e+02
1.277132299999999987e+03 -8.562544000000000324e+02
1.038698900000000094e+03 -9.274393999999999778e+02
1.131587999999999965e+03 -9.162082500000000209e+02
1.185015000000000100e+03 -8.563423000000000229e+02
1.436884199999999964e+03 -9.867705700000000206e+02
4.431402600000000120e+02 1.522413199999999961e+03
1.149090039999999959e+02 1.784381699999999910e+03
1.890045599999999979e+02 -3.849707399999999780e+01
2.508499799999999880e+02 -9.299103000000000563e+00
1.517250200000000007e+02 3.497265199999999652e+01
1.143059599999999989e+02 -4.708406399999999792e+01
5.916859999999999786e+01 -1.550922799999999935e+00
7.625705000000000666e+01 -1.099007100000000037e+02
4.678639600000000343e+01 -3.123827200000000062e+02
-2.382867999999999995e+02 1.039166300000000092e+03
-2.976157000000000039e+02 1.077677200000000084e+03
-3.373771699999999782e+02 8.589298999999999751e+02
-3.968386499999999728e+02 9.040031000000000176e+02
-2.281860200000000134e+02 9.629952399999999670e+02
-3.275321400000000267e+02 9.835978999999999814e+02
-2.798743299999999863e+02 9.073450000000000273e+02
-5.348877999999999702e+02 1.404124000000000024e+03
-4.153919700000000148e+02 -1.408413600000000088e+03
-1.904414800000000128e+02 -1.321434700000000021e+03
-2.119715300000000013e+02 -1.491051099999999906e+03
-3.193012400000000071e+02 -1.412339799999999968e+03
-2.749791299999999978e+02 -1.349219599999999900e+03
-4.013123199999999997e+02 -1.688058700000000044e+03
7.462492700000000241e+02 1.026150100000000066e+03
8.500421999999999798e+02 1.187912800000000061e+03
9.228017999999999574e+02 1.136508900000000040e+03
8.370389999999999873e+02 9.881485000000000127e+02
7.000716999999999643e+02 1.084425500000000056e+03
8.667985999999999649e+02 1.100045399999999972e+03
7.199257999999999811e+02 1.166383399999999938e+03
7.141394999999999982e+02 1.258436400000000049e+03
6.592213000000000420e+02 1.200070899999999938e+03
6.372702000000000453e+02 1.117885299999999916e+03
7.832358400000000529e+02 1.236794200000000046e+03
8.026299000000000206e+02 1.065179599999999937e+03
7.858864999999999554e+02 1.143318400000000111e+03
8.973229400000000169e+02 1.031897799999999961e+03
9.659924300000000130e+02 1.364990999999999985e+03
9.296811999999999898e+02 1.246663800000000037e+03
7.145553999999999633e+02 1.361396600000000035e+03
1.063758900000000040e+03 1.434505900000000111e+03
7.658048000000000002e+02 -1.353592300000000023e+03
8.601755399999999554e+02 -1.269330699999999979e+03
7.918847700000000032e+02 -1.277840200000000095e+03
7.754314000000000533e+02 -1.598369099999999889e+03
-2.466015600000000063e+02 7.763911000000000513e+02
-1.398413099999999929e+02 5.068067599999999970e+02
-2.026213799999999878e+02 5.365299700000000485e+02
-2.409556699999999978e+02 5.974407300000000305e+02
-1.082573100000000039e+02 6.931756599999999935e+02
-1.441065499999999986e+02 7.652392999999999574e+02
-4.455356199999999944e+01 6.837057999999999538e+02
-1.451633300000000020e+02 6.121152299999999968e+02
-2.597434000000000083e+02 6.851269499999999653e+02
-1.903066300000000126e+02 7.006268300000000409e+02
-1.061882860000000051e+02 8.387545000000000073e+02
-1.277034499999999980e+03 7.392530500000000302e+02
-1.234853100000000040e+03 1.497529399999999953e+02
-1.145128899999999931e+03 1.691175499999999943e+02
-1.708542099999999891e+03 3.716180699999999888e+02
1.069931499999999915e+03 1.852116699999999980e+02
1.187275300000000016e+03 2.028655699999999911e+02
1.645202299999999923e+03 4.583001699999999801e+02
-2.276089599999999962e+02 -9.719836000000000240e+02
-9.366531999999999414e+01 -1.127019900000000007e+03
-1.731831400000000087e+02 -1.038896600000000035e+03
-2.916510999999999854e+02 -9.242063000000000557e+02
-2.938319000000000187e+02 -1.607183700000000044e+03
-2.502867899999999963e+02 -4.694821000000000026e+02
-1.365760199999999998e+02 -4.580312200000000189e+02
-2.266256099999999947e+02 -6.119073499999999513e+02
-1.870610200000000134e+02 -3.961551499999999919e+02
-1.791256300000000010e+02 -5.322220499999999674e+02
-9.016275000000000261e+01 -5.217115999999999758e+02
-2.081171600000000126e+02 -3.044682300000000055e+02
-2.818533300000000281e+02 -5.576149000000000342e+02
-3.014308500000000208e+02 -4.090327500000000214e+02
-6.418921500000000151e+02 -2.901219199999999887e+02
-9.255797000000000025e+02 -8.076900000000000546e+01
-6.092986499999999523e+02 3.756208000000000169e+01
-7.499507399999999961e+02 -3.331411699999999882e+02
2.723802200000000084e+02 7.795620000000000118e+02
4.000330799999999840e+02 8.281725000000000136e+02
3.665552999999999884e+02 7.636747400000000425e+02
3.281241499999999860e+02 8.482680000000000291e+02
3.161087999999999738e+02 7.051004599999999982e+02
2.457630900000000054e+02 8.528868999999999687e+02
2.511156200000000069e+02 6.869198000000000093e+02
1.864148600000000044e+02 7.606626999999999725e+02
1.673806199999999933e+02 8.352468999999999824e+02
-4.246963999999999828e+02 2.165433800000000133e+02
-3.473035600000000045e+02 1.912488099999999918e+02
-1.751290099999999939e+02 3.252347700000000259e+02
-1.936163300000000049e+02 3.915946400000000267e+02
-1.790998999999999910e+02 2.557236599999999953e+02
-3.192267800000000193e+02 2.834442399999999793e+02
-2.934612399999999752e+02 3.541483799999999746e+02
-2.606059599999999818e+02 2.372132400000000132e+02
-3.994796400000000176e+02 2.975171000000000276e+02
-2.726184700000000021e+02 4.251275299999999788e+02
-3.896904299999999921e+02 3.905501699999999801e+02
-1.144171299999999974e+03 6.456763999999999726e+01
-1.242686999999999898e+03 -6.476771499999999548e+01
-1.188648100000000113e+03 8.514836999999999989e+00
-1.285190900000000056e+03 -1.090545750000000069e+01
-1.071514400000000023e+03 2.365065799999999996e+01
-1.581427400000000034e+03 -9.906870000000000687e+01
-4.594630399999999781e+02 -6.002782600000000457e+02
-4.564925499999999943e+02 -5.164298000000000002e+02
-4.761071200000000090e+02 -7.072007399999999961e+02
-5.651213000000000193e+02 -9.351367000000000189e+02
-3.842263800000000060e+02 1.128519500000000107e+03
-4.955879800000000159e+02 1.073286399999999958e+03
-5.375760000000000218e+02 1.148010999999999967e+03
-4.056233500000000163e+02 1.063683800000000019e+03
-4.730121500000000196e+02 1.169792099999999891e+03
-4.240388500000000249e+02 9.881015599999999495e+02
-4.990026599999999917e+02 9.932282000000000153e+02
-6.802884999999999991e+02 1.502560500000000047e+03
-1.472591200000000072e+03 -6.240660400000000436e+02
-1.497702999999999975e+03 -5.021109000000000151e+02
-1.648574200000000019e+03 -6.973673000000000002e+02
-9.143504000000000360e+02 1.328263200000000097e+03
-1.396035900000000083e+03 1.101291099999999915e+03
7.748196400000000494e+01 -1.528447100000000091e+03
-1.224878199999999993e+02 -1.793306399999999940e+03
1.078366099999999960e+03 -1.002380599999999959e+03
1.246422100000000000e+03 -9.305641500000000406e+02
1.146340200000000095e+03 -1.047098899999999958e+03
1.068162600000000111e+03 -1.088851599999999962e+03
1.184456799999999930e+03 -9.783929399999999532e+02
1.210274400000000014e+03 -7.494620999999999640e+02
-1.233558600000000069e+03 8.722824000000000524e+02
-1.253444999999999936e+03 9.597286000000000286e+02
-1.173069999999999936e+03 9.064568000000000438e+02
-1.198851300000000037e+03 1.023677599999999984e+03
-1.259745100000000093e+03 1.241353499999999940e+03
-1.567073599999999942e+03 -2.058112000000000137e+02
-1.791588700000000017e+03 5.393467299999999653e+01
1.042212800000000016e+03 -8.649579999999999700e+02
9.305459600000000364e+02 -9.654129000000000360e+02
8.592250400000000354e+02 -1.025560400000000072e+03
9.330760000000000218e+02 -1.058494500000000016e+03
9.945236999999999625e+02 -1.012451500000000010e+03
9.380421000000000049e+02 -8.773963999999999714e+02
8.649056000000000495e+02 -9.250141999999999598e+02
9.765223999999999478e+02 -8.166319999999999482e+02
1.230600500000000011e+03 -1.160878300000000081e+03
-2.144356200000000001e+02 2.784011099999999850e+00
-2.696928399999999897e+02 8.256967000000000212e+01
-1.871742900000000134e+02 -7.758845499999999618e+01
-1.649486200000000053e+02 8.163557400000000541e+01
-2.324424099999999953e+02 1.479477500000000134e+02
-1.210081700000000069e+02 4.807407599999999892e-01
-1.291600300000000061e+02 1.701893300000000124e+02
-7.508737000000000705e+01 9.960957000000000505e+01
6.103343499999999722e+02 -1.423986499999999978e+03
4.449994500000000244e+02 -1.500981099999999969e+03
3.569752199999999789e+02 -1.730617700000000013e+03
-5.547745999999999640e+02 -6.504634399999999914e+02
-5.968603500000000395e+02 -5.391208000000000311e+02
-5.654960999999999558e+02 -1.403980800000000045e+03
-1.480130900000000111e+03 -8.117569600000000491e+02
-5.336662999999999784e+02 2.859177400000000091e+01
-9.128699299999999539e+02 -2.460281200000000013e+02
-1.295358300000000099e+03 -1.161240000000000009e+03
-1.674833399999999983e+03 4.471104399999999828e+02
-3.426811200000000213e+02 1.338517700000000104e+03
-3.117490999999999985e+02 1.274748000000000047e+03
-3.589995000000000118e+02 1.207045699999999897e+03
-4.258975800000000049e+02 1.247064200000000028e+03
-2.804832999999999856e+02 1.200200100000000020e+03
-4.286566799999999944e+02 1.329329700000000003e+03
-3.864388700000000085e+02 1.405082900000000109e+03
-4.974585000000000150e+02 1.277841799999999921e+03
-4.364950299999999856e+02 1.645992099999999937e+03
1.458080400000000054e+03 2.099747000000000128e+02
1.520222700000000032e+03 1.150493599999999930e+02
1.419645099999999957e+03 2.761500500000000216e+02
1.407815399999999954e+03 6.080357399999999757e+01
1.478083499999999958e+03 3.087853199999999987e+01
1.441935799999999972e+03 1.350983300000000042e+02
1.366607400000000098e+03 1.997441399999999874e+02
1.351400599999999940e+03 1.197334749999999985e+02
1.709140699999999924e+03 1.570262999999999920e+02
1.082761099999999942e+03 9.353101000000000340e+02
1.172316900000000032e+03 9.410389999999999873e+02
9.543488999999999578e+02 9.213573999999999842e+02
1.393796800000000076e+03 1.023537659999999960e+03
-1.469729100000000017e+03 -4.479039000000000215e+01
-1.536919699999999921e+03 4.620683699999999838e+00
-1.475680499999999938e+03 5.524226999999999776e+01
-1.398411399999999958e+03 -3.422030300000000125e+01
-1.591708300000000008e+03 -4.505834200000000322e+01
-1.569438400000000001e+03 7.263067999999999813e+01
-1.498553799999999910e+03 -1.345261800000000108e+02
-1.756543599999999969e+03 -6.150702700000000078e+01
-4.126579300000000217e+02 -1.341235799999999927e+03
-6.212124000000000024e+02 -1.420900799999999890e+03
-3.806249700000000189e+02 -1.483759600000000091e+03
-5.604776600000000144e+02 -1.325066700000000083e+03
-2.977928499999999872e+02 1.552868899999999940e+03
-2.452344400000000064e+02 1.447983600000000024e+03
-2.628327600000000075e+02 1.375313400000000001e+03
-1.994823599999999999e+02 1.572767200000000003e+03
-1.951067400000000021e+02 1.506845299999999952e+03
-3.843281200000000126e+02 1.508976100000000088e+03
-3.145529999999999973e+02 1.475111300000000028e+03
-1.825379000000000076e+02 1.750688000000000102e+03
1.410874499999999898e+03 -4.968545799999999986e+02
1.388900900000000092e+03 -6.616883500000000140e+02
1.286606399999999894e+03 -7.355139000000000351e+02
1.350787499999999909e+03 -7.245693999999999733e+02
1.306716400000000021e+03 -5.708125000000000000e+02
1.356628999999999905e+03 -4.396927000000000021e+02
1.311736699999999928e+03 -6.626347700000000032e+02
1.108353900000000067e+03 -6.028726000000000340e+02
1.351545900000000074e+03 -5.168668999999999869e+02
1.148071699999999964e+03 -6.726509999999999536e+02
1.225460299999999961e+03 -6.829093599999999924e+02
1.142307000000000016e+03 -4.536061000000000263e+02
1.425464500000000044e+03 -5.696820000000000164e+02
1.369072100000000091e+03 -6.006982000000000426e+02
1.168983300000000099e+03 -5.382689000000000306e+02
1.178339400000000069e+03 -6.119492999999999938e+02
1.239096099999999979e+03 -5.453346599999999853e+02
1.252991600000000062e+03 -6.212751500000000533e+02
1.214687300000000050e+03 -4.765719000000000278e+02
1.283294300000000021e+03 -4.146560999999999808e+02
1.109791600000000017e+03 -5.249891400000000203e+02
1.204498800000000074e+03 -4.142785600000000272e+02
1.289696999999999889e+03 -4.808933999999999855e+02
1.502269700000000057e+03 -6.918096000000000458e+02
8.735452999999999975e+02 -7.466290999999999940e+02
8.182323599999999715e+02 -6.936277000000000044e+02
9.977757000000000289e+02 -6.377471299999999701e+02
9.176200000000000045e+02 -6.715287499999999454e+02
9.748858000000000175e+02 -7.255784999999999627e+02
1.333680399999999963e+03 -1.016940060000000017e+03
-6.937930000000000064e+02 2.645730599999999981e+02
-6.275945400000000518e+02 2.658684700000000021e+02
-8.612667000000000144e+02 1.714384300000000110e+02
-8.432835999999999785e+02 8.658241999999999905e+01
-9.286540499999999838e+02 1.429251899999999864e+02
-7.677681999999999789e+02 6.206264000000000181e+01
-6.074438499999999976e+02 1.341283400000000086e+02
-7.810257599999999911e+02 1.455307200000000023e+02
-9.354048999999999978e+02 6.471287999999999840e+01
-7.639668599999999969e+02 2.168438299999999970e+02
-6.942748400000000402e+02 9.986171000000000220e+01
-5.943510999999999740e+02 1.992545800000000042e+02
-8.733033000000000357e+02 2.049102800000000002e+01
-1.031954300000000103e+03 1.360136899999999969e+02
1.498679000000000087e+03 -4.467038600000000201e+02
1.573259399999999914e+03 -8.415702499999999873e+02
1.532390900000000101e+03 -1.315201700000000073e+02
1.673050999999999931e+03 -5.978677999999999884e+02
1.968060199999999895e+02 2.157762299999999982e+02
3.127814599999999814e+02 3.206150000000000091e+02
2.433540199999999913e+02 3.787686199999999985e+02
1.595055399999999963e+02 3.675742000000000189e+02
8.080898000000000536e+01 2.420758199999999931e+02
5.690843199999999769e+01 3.272401399999999967e+02
1.544384200000000078e+02 2.895599700000000212e+02
2.643208599999999819e+02 2.701471999999999980e+02
-3.362043800000000147e+02 -1.538121199999999931e+02
-4.065823399999999879e+02 8.264589999999999748e+01
-4.009925499999999943e+02 1.183516400000000068e+01
-2.938557700000000068e+02 -9.394232999999999834e+01
-3.761486499999999751e+02 -8.099330999999999392e+01
-6.856896400000000540e+02 1.773813000000000102e+02
-3.286734599999999773e+02 -2.712250000000000050e+00
6.512181000000000495e+02 -8.433814999999999600e+02
5.512999999999999545e+02 -7.357699000000000069e+02
9.887928000000000566e+02 -1.392080600000000004e+03
1.306281899999999951e+03 -7.739717000000000269e+01
1.442902499999999918e+03 -4.272374299999999891e+01
1.216783300000000054e+03 -1.851360999999999990e+01
1.357437400000000025e+03 -1.741082400000000163e+01
1.263742799999999988e+03 1.350857399999999870e+02
1.691154199999999946e+03 3.468262000000000000e+01
-4.376933300000000031e+02 6.682997000000000298e+02
-5.737154500000000326e+02 6.751133399999999938e+02
-3.991038500000000226e+02 4.949423499999999763e+02
-3.386238000000000170e+02 5.439145499999999629e+02
-4.412257399999999734e+02 7.529867600000000039e+02
-4.784522400000000175e+02 5.530324000000000524e+02
-4.808384699999999725e+02 4.779327000000000112e+02
-3.694606600000000185e+02 7.288988000000000511e+02
-3.527665999999999826e+02 6.452462000000000444e+02
-5.789510000000000218e+02 5.817345000000000255e+02
-5.135202000000000453e+02 7.225146999999999480e+02
-4.056657000000000153e+02 5.871429399999999532e+02
-5.615832000000000335e+02 5.123805499999999711e+02
-5.074743000000000279e+02 6.272385000000000446e+02
-5.954699000000000524e+02 7.884903600000000097e+02
1.450940100000000029e+03 5.653744500000000244e+02
1.492372200000000021e+03 9.796814600000000155e+02
1.332285599999999931e+03 -2.456514400000000080e+02
1.156396899999999960e+03 -2.074444000000000017e+02
1.269487699999999904e+03 -2.994385399999999890e+02
1.168519399999999905e+03 -3.066326000000000249e+02
1.315958599999999933e+03 -1.700148499999999956e+02
1.233011199999999917e+03 -2.294886799999999880e+02
1.638866999999999962e+03 -3.775664400000000001e+02
-6.513813499999999976e+02 6.595080600000000004e+02
-4.906250000000000000e+02 8.440902999999999565e+02
-5.960661599999999680e+02 1.316410200000000032e+03
9.933046000000000504e+02 1.212155199999999923e+03
6.799770999999999503e+02 1.633710199999999986e+03
-1.334200700000000097e+02 -1.457490099999999984e+03
-2.824933500000000208e+02 -1.496009199999999964e+03
-6.548648000000000025e+01 -1.742082300000000032e+03
-1.134616099999999960e+03 7.792346000000000004e+02
-1.504429799999999886e+03 8.143429599999999482e+02
1.092263949999999966e+02 -1.449299999999999955e+03
-1.971844499999999982e+02 -1.741603000000000065e+03
1.040729499999999916e+03 7.964073000000000491e+01
7.674863000000000284e+02 -9.047816500000000417e+01
9.744435399999999845e+02 -1.728826599999999871e+02
1.045655199999999923e+03 -1.514545599999999865e+02
9.132649000000000115e+02 7.984874999999999545e+01
8.377430000000000518e+02 -8.329191000000000145e+01
1.007742200000000025e+03 -8.455861000000000161e+01
8.823239999999999554e+02 2.119560399999999944e+01
9.302453600000000051e+02 -9.615258000000000038e+01
9.448713000000000193e+02 -1.807099499999999992e+01
8.257517000000000280e+02 -1.390313300000000041e+01
1.088602699999999913e+03 1.770612500000000011e+01
1.079897999999999911e+03 -5.849302000000000135e+01
8.772562000000000353e+02 -1.435991699999999867e+02
9.688156999999999925e+02 1.049861800000000045e+02
1.010744100000000003e+03 7.719666499999999765e+00
1.314670800000000099e+03 1.936026599999999931e+01
1.433283400000000029e+03 4.734542799999999829e+02
1.679548999999999978e+03 5.829734499999999571e+02
2.012300099999999929e+02 -1.525454300000000103e+03
6.170268600000000561e+02 -1.668193999999999960e+03
1.425631300000000010e+03 6.535986000000000331e+02
1.541504500000000007e+03 8.815617700000000241e+02
-6.918042000000000371e+02 4.112068199999999933e+02
-7.583265000000000100e+02 3.254386000000000081e+02
-1.575796800000000076e+03 3.462548199999999952e+02
8.000534999999999854e+02 1.345575599999999895e+03
1.268279899999999998e+03 1.247091100000000097e+03
1.536509000000000015e+03 2.139658499999999890e+02
1.775988800000000083e+03 2.517546000000000106e+02
-8.982089999999999463e+02 -1.193180299999999988e+03
-6.499869999999999663e+02 -1.043417400000000043e+03
-1.140770500000000084e+03 -1.336650100000000066e+03
-4.121857299999999782e+02 -7.856930999999999585e+02
-3.659746400000000222e+02 -5.719904000000000224e+02
-2.793673699999999940e+02 -6.944118999999999460e+02
-3.795763999999999783e+02 -7.166681999999999562e+02
-3.339347799999999893e+02 -8.151382399999999961e+02
-2.737585399999999822e+02 -7.718502999999999474e+02
-3.522685000000000173e+02 -6.482966000000000122e+02
-4.612809399999999869e+02 -8.806861999999999853e+02
1.009534999999999968e+03 1.070211000000000013e+03
1.053576900000000023e+03 1.138348799999999983e+03
1.174241199999999935e+03 1.027203899999999976e+03
9.972682499999999663e+02 9.905308999999999742e+02
1.120961999999999989e+03 1.094167999999999893e+03
1.084098300000000108e+03 1.019041749999999979e+03
1.185473899999999958e+03 1.286749099999999999e+03
1.434295399999999972e+03 -2.690181000000000040e+02
1.712228100000000040e+03 -4.876910399999999868e+02
1.432378400000000056e+03 3.719070699999999761e+02
1.390496699999999919e+03 1.090506699999999910e+03
1.745391699999999901e+03 -2.958074599999999919e+02
5.010532499999999914e+02 1.443076900000000023e+03
2.846659500000000094e+02 1.762415299999999888e+03
-7.993785000000000309e+02 -1.326805399999999963e+03
-7.765263700000000426e+02 -1.588348799999999983e+03
2.902133499999999913e+02 -1.305142200000000003e+03
2.805708999999999946e+02 -1.406472500000000082e+03
2.215534700000000043e+02 -1.177253899999999931e+03
3.512185000000000059e+02 -1.366217799999999897e+03
6.388233000000000175e+02 -1.573570300000000088e+03
-7.661847000000000207e+02 1.386638799999999947e+03
-5.491274399999999787e+02 1.707768600000000106e+03
-6.325833999999999833e+02 1.385055299999999988e+03
-4.721630599999999731e+02 1.413233199999999897e+03
-7.743925000000000409e+02 1.611181900000000041e+03
-1.160741199999999935e+02 -1.537039999999999964e+03
-3.526460300000000103e+01 -1.522483500000000049e+03
3.244006000000000256e+01 -1.777638899999999921e+03
1.241350500000000011e+03 7.578248999999999569e+01
1.336974600000000009e+03 2.967500299999999811e+02
1.278154999999999973e+03 2.274013699999999858e+02
1.164703600000000051e+03 1.188659899999999965e+02
1.669276499999999942e+03 2.912269000000000005e+02
-5.890484999999999900e+02 1.454224400000000060e+03
-7.084344499999999698e+02 1.347154700000000048e+03
-8.879675999999999476e+02 1.547344599999999900e+03
-2.189927500000000009e+02 -1.408124399999999923e+03
-6.168880599999999959e+02 -1.672697599999999966e+03
-6.469955999999999676e+02 1.282600300000000061e+03
-5.034317300000000159e+02 1.490598400000000083e+03
-9.855530400000000100e+02 1.480791300000000092e+03
4.043482999999999947e+02 -1.437730600000000095e+03
9.221940299999999979e+02 -1.514729599999999891e+03
1.253202299999999923e+03 9.124123499999999467e+02
1.369111900000000105e+03 7.742510999999999513e+02
1.305111900000000105e+03 8.504303599999999506e+02
1.605644900000000007e+03 7.055352000000000317e+02
2.215985100000000045e+02 -1.344196999999999889e+03
8.170614000000000487e+02 -1.541127700000000004e+03
8.940125000000000455e+02 -1.194437500000000000e+03
9.585507000000000062e+02 -1.134583399999999983e+03
1.127109300000000076e+03 -1.346680499999999938e+03
-8.573845000000000027e+01 -1.046987399999999980e+03
9.133987999999999374e+01 -1.081940000000000055e+03
7.833900500000000022e+01 -1.178466300000000047e+03
-4.013438999999999979e+00 -1.156791500000000042e+03
1.476529800000000023e+03 -3.499102500000000191e+02
1.411450399999999945e+03 -1.771068999999999960e+02
1.495446200000000090e+03 -1.997030000000000030e+02
1.385058099999999968e+03 -3.216849700000000212e+02
1.742797600000000102e+03 -2.301614399999999989e+02
-9.108945999999999685e+02 -1.284663800000000037e+03
-7.471133399999999938e+02 -1.343497699999999895e+03
-9.889357999999999720e+02 -1.223748800000000074e+03
-1.058695899999999938e+03 -1.424623000000000047e+03
-8.340097700000000032e+02 -1.245979199999999992e+03
-9.635968599999999924e+02 -1.502869899999999916e+03
8.649741000000000213e+02 -8.402311999999999443e+02
8.484269000000000460e+02 -1.123938000000000102e+03
-1.439519500000000107e+03 -5.623484999999999445e+02
-1.457780999999999949e+03 -1.050389300000000048e+03
1.490746599999999944e+03 4.299171000000000049e+02
1.598393000000000029e+03 7.826742000000000417e+02
-1.247292599999999993e+03 -2.297622000000000071e+02
-1.276897099999999909e+03 -3.720921999999999912e+02
2.418345500000000072e+02 -8.774723500000000058e+02
3.687581500000000005e+02 -6.666276000000000295e+02
-5.098948399999999879e+02 -1.439567600000000084e+03
-6.728583999999999605e+02 -1.374638099999999895e+03
-5.261192999999999529e+02 -1.694959100000000035e+03
2.569380200000000158e+01 -1.460609300000000076e+03
-3.003949999999999818e+02 -1.752981099999999969e+03
7.936252399999999625e+02 -8.346484400000000505e+02
6.747894999999999754e+02 -7.640868000000000393e+02
7.897971999999999753e+02 -9.528999000000000024e+02
1.150244599999999991e+03 -1.250244300000000067e+03
2.712671199999999772e+02 -1.507188699999999926e+03
5.273626000000000431e+02 -1.702467300000000023e+03
-5.321089500000000498e+02 9.257648299999999608e+02
-6.574426999999999452e+02 1.628674600000000055e+03
1.099400399999999991e+03 -2.639279199999999719e+02
1.234490199999999959e+03 -1.365497000000000014e+02
1.168978000000000065e+03 -1.031292700000000053e+02
1.675703899999999976e+03 -1.670975200000000029e+02
-5.842740000000000009e+02 4.076468199999999911e+02
-5.013595599999999877e+02 3.787071000000000254e+02
-5.130556000000000267e+02 2.986134000000000128e+02
-7.287386000000000195e+02 7.308011000000000195e+02
1.895890699999999924e+02 -1.434258700000000090e+03
2.375130200000000116e+02 -1.757887799999999970e+03
1.518577899999999943e+02 -1.135689100000000053e+03
5.199385000000000190e+01 -1.683776399999999967e+03
1.550752099999999928e+03 1.623892800000000136e+01
1.739756499999999960e+03 3.900142999999999915e+02
1.508735699999999952e+03 3.043330000000000268e+02
1.774150300000000016e+03 -7.948311999999999955e+01
-1.307863299999999981e+03 8.636362000000000307e+02
-1.345204799999999977e+03 1.176398599999999988e+03
-1.049882599999999968e+02 9.689819999999999709e+02
-2.828756000000000199e+02 1.727771600000000035e+03
