5.588644000000000460e+02 -7.295340599999999540e+02
5.017927599999999870e+02 -7.997205999999999904e+02
4.186426700000000096e+02 -7.986642000000000507e+02
3.565178999999999974e+02 -8.540982999999999947e+02
7.025540999999999485e+02 -5.942726000000000113e+02
2.621352200000000039e+02 -8.382121600000000399e+02
6.141888000000000147e+02 -6.408597999999999502e+02
-2.313367900000000077e+02 -1.410434400000000039e+02
-3.937281099999999867e+00 -1.050810199999999952e+02
2.269834999999999923e+02 -2.072241699999999867e+02
2.704116999999999962e+02 -3.361951999999999998e+02
1.470635200000000111e+02 -4.472749999999999773e+02
3.178856000000000037e+01 -5.729873000000000047e+02
-1.054898149999999930e+02 -5.349343000000000075e+02
-3.695199600000000117e+01 -5.652005599999999959e+02
2.088827699999999936e+02 1.001614100000000036e+02
1.488957000000000050e+02 -7.663510999999999740e+01
4.957577499999999873e+02 -6.862887999999999522e+01
3.804950999999999794e+02 -1.385492700000000070e+02
7.565349600000000407e+01 2.539589000000000141e+01
5.928966499999999940e+01 -1.577802299999999889e+02
2.135443100000000172e+01 2.443574699999999922e+01
4.825454700000000230e+02 -4.197270500000000197e+02
6.104042399999999589e+02 -1.158053799999999995e+02
5.420771499999999605e+02 -3.754164400000000228e+02
5.945254999999999654e+02 -3.204393000000000029e+02
3.277458500000000186e+02 -1.602986899999999935e+02
4.208489000000000146e+02 -4.527122200000000021e+02
5.430634000000000015e+02 2.632230600000000109e+01
1.850001499999999908e+02 -6.097599500000000035e+02
5.663307499999999663e+02 -1.741546999999999912e+02
5.252685000000000173e+02 1.033578399999999959e+02
-1.093000260000000026e+02 -3.118840599999999768e+02
1.595743999999999971e+02 -1.945061000000000035e+02
1.365470899999999972e+02 -1.360078300000000127e+02
1.947725199999999859e+02 -1.389001499999999965e+02
1.702752800000000093e+02 -3.788596999999999753e+02
9.789726000000000283e+01 -3.850684999999999718e+02
-1.961833000000000027e+01 -3.588075000000000045e+02
4.427107600000000076e+01 -3.704463499999999954e+02
-5.095380999999999716e+01 5.565275000000000318e+02
-1.389784400000000062e+02 4.829332299999999805e+02
-5.886366300000000251e+01 4.858695999999999913e+02
7.764679400000000342e+00 5.839504399999999578e+02
-1.123560899999999947e+02 5.257835700000000543e+02
3.825260000000000105e+02 2.726725000000000136e+02
9.493886000000000536e+01 3.560515399999999886e+02
4.161200999999999794e+02 3.378593999999999937e+02
3.391137400000000071e+02 4.114678999999999860e+02
2.321027699999999925e+02 3.518939799999999991e+02
1.820055099999999868e+02 1.709935000000000116e+02
3.131761799999999880e+02 4.665995800000000031e+02
6.764461000000000013e+01 4.174886799999999880e+02
-4.233574000000000126e+01 7.761113000000000284e+01
4.409486999999999739e+02 4.274485500000000116e+02
3.921528299999999945e+02 3.896258500000000140e+02
3.471697700000000282e+02 3.297617500000000064e+02
2.950455000000000041e+02 3.037171000000000163e+02
-3.633478499999999656e+01 3.513332199999999830e+02
8.663393000000000654e+01 9.619759999999999422e+01
7.224918999999999869e+01 6.064412999999999556e+02
7.589969999999999573e+01 5.130953399999999647e+02
1.687322399999999902e+02 2.573957500000000209e+02
-6.693240000000000123e+01 2.422867899999999963e+02
1.687644799999999918e+02 3.240324699999999893e+02
-2.130551499999999976e+01 2.753295600000000150e+02
1.898511499999999899e+02 5.087340699999999742e+02
4.952765800000000240e+02 -3.625862999999999725e-01
4.478921799999999962e+02 1.829655300000000011e+02
2.462998699999999985e+02 5.483894000000000233e+02
-8.770309000000000310e+01 3.208036799999999857e+02
4.804094499999999925e+02 6.197188599999999781e+01
4.131358000000000175e+02 8.837301999999999680e+01
3.866695000000000277e+02 2.134031799999999919e+02
5.710710000000000264e+02 7.369380999999999915e+01
2.294841199999999901e+02 2.818451499999999896e+02
1.317623100000000136e+02 5.226775499999999965e+02
1.561878399999999942e+02 3.831458999999999833e+02
4.613580000000000041e+02 1.241389599999999973e+02
2.542103099999999927e+02 4.895090299999999957e+02
3.949415599999999813e+02 1.474209999999999923e+02
1.066002199999999931e+02 2.917076999999999884e+02
2.477317799999999863e+02 2.171581999999999937e+02
5.003704999999999927e+02 4.425528600000000097e+02
1.139408700000000039e+02 4.579495200000000068e+02
5.444690600000000131e+02 3.996976599999999848e+02
5.090737599999999929e+02 2.267268500000000131e+02
1.758516700000000128e+02 4.498265700000000038e+02
5.900533000000000357e+02 1.526643799999999942e+02
4.385599000000000274e+02 5.015939999999999941e+02
5.256305999999999585e+02 2.898333999999999833e+02
-1.825229199999999992e+02 3.073748199999999997e+02
4.332754199999999969e+02 2.779382299999999972e+01
5.706705299999999852e+02 2.093747099999999932e+02
4.383339199999999778e+02 -3.452433800000000019e+01
3.809813800000000015e+02 4.977635000000000218e+02
3.229594999999999914e+02 1.751835599999999999e+02
1.929881900000000172e+01 3.781804000000000201e+02
-4.238982000000000028e+01 4.272078999999999951e+02
1.232557399999999959e+01 4.652405999999999722e+02
3.743370000000000175e+01 3.140342400000000112e+02
3.407609299999999735e+02 5.380392000000000507e+02
1.406693999999999960e+02 5.893191500000000360e+02
1.985759400000000028e+02 5.847497600000000375e+02
5.791576499999999896e+02 2.711610699999999952e+02
3.105128199999999765e+02 5.774275000000000091e+02
2.333607299999999896e+02 4.222784399999999891e+02
3.152180000000000177e+02 2.441535299999999893e+02
2.509567099999999868e+02 1.467629100000000051e+02
1.442330800000000011e+02 1.184841299999999933e+02
2.889070399999999950e+02 3.829441199999999981e+02
4.577041300000000206e+02 2.685672999999999888e+02
-1.742961899999999957e+02 4.278168000000000006e+02
-1.817753899999999874e+02 3.687754800000000159e+02
-1.045985199999999935e+02 4.048821699999999737e+02
-1.879384300000000110e+02 2.328780500000000018e+02
3.221154499999999921e+00 5.218537000000000035e+02
-1.307132000000000005e+02 3.553448799999999892e+02
-1.528574999999999875e+02 1.095934000000000026e+02
-1.013688099999999963e+02 1.841842000000000041e+02
1.354498300000000022e+01 2.065056899999999871e+02
6.552365000000000350e+01 1.617447699999999884e+02
1.230271450000000044e+02 2.011156300000000101e+02
-1.659093000000000018e+02 1.581164599999999893e+02
-1.301496099999999956e+02 2.533890000000000100e+02
-3.374235999999999791e+01 1.686523899999999969e+02
6.484311999999999898e+01 2.330771499999999889e+02
4.840407000000000153e+02 3.431542400000000157e+02
3.580376600000000167e+02 4.843010699999999957e+01
3.312642999999999915e+02 1.041787999999999954e+02
3.609644200000000183e+02 -1.226452349999999925e+01
4.305185500000000047e+02 -9.238591999999999871e+01
5.229214500000000498e+02 1.598963500000000124e+02
3.748182400000000030e+02 -6.485917999999999495e+01
-1.497857199999999978e+02 -2.206994200000000106e+01
-4.882023000000000224e+01 -5.030639999999999645e+01
-7.754703999999999553e+01 -1.126530499999999932e+02
-1.274311600000000055e+02 -8.067025999999999897e+01
-2.764498300000000199e+02 2.710095499999999902e+02
-2.520468799999999874e+02 2.167919500000000141e+02
-2.545672999999999888e+02 3.171682999999999879e+02
-3.680055199999999900e+02 -5.021219299999999919e+01
-3.366730699999999956e+02 -1.142879259999999988e+02
-2.514871699999999919e+02 -6.976443500000000597e+01
-2.964080999999999904e+02 2.249348399999999870e+01
1.746352799999999945e+02 4.921430200000000355e+01
-2.658373700000000213e+02 -2.155405000000000015e+01
7.991007299999999702e+00 -5.239526399999999740e+01
-3.229477700000000340e+01 1.042440299999999986e+01
7.222990400000000477e+01 -1.022078999999999951e+02
6.090624199999999888e+01 -4.797290999999999883e+01
2.705473999999999819e+02 7.342667000000000144e+01
-3.912411999999999921e+02 2.410705799999999854e+01
-3.989108600000000138e+02 8.467245499999999936e+01
2.984096400000000244e+02 1.612312700000000021e+01
7.183538000000000423e+00 1.158533800000000014e+02
-5.890212000000000216e+02 -8.345180999999999472e+01
-1.652056300000000135e+02 -1.628685900000000117e+02
2.398094299999999919e+02 1.280361699999999914e+01
-6.724307000000000016e+02 5.722742999999999824e+01
-7.374501000000000204e+02 -1.799252900000000110e+01
1.198418700000000001e+02 -1.433387300000000053e+01
1.846346599999999967e+02 -1.926425000000000054e+01
2.229612400000000036e+02 -6.769899999999999807e+01
-1.313237599999999929e+02 -2.185885299999999916e+02
-9.359757999999999356e+01 9.597885999999999740e+01
1.340785400000000038e+02 -2.945380000000000109e+02
2.021921199999999885e+02 -2.951466399999999908e+02
2.181127700000000047e+01 -2.756139499999999884e+02
3.233388699999999858e+02 -1.011982040000000040e+02
-9.397889000000000692e+01 -1.100728699999999982e+01
-1.719434499999999977e+00 -1.658297000000000025e+02
2.861822799999999916e+02 -5.585797999999999774e+01
-1.373137800000000084e+02 4.207396700000000322e+01
2.573734400000000164e+02 -1.198657149999999945e+02
2.782048300000000154e+02 -1.740019399999999905e+02
3.704463499999999954e+02 -2.495772000000000048e+02
3.256562200000000189e+02 -3.033790999999999940e+02
4.938147000000000162e+02 -2.450780000000000030e+02
-2.772375900000000115e+01 -2.204165000000000134e+02
-7.307246000000000663e+01 -1.808393599999999992e+02
-2.800364700000000084e+02 1.050245299999999986e+02
-2.489553400000000067e+02 5.989985999999999677e+01
-3.036967200000000275e+02 1.561604900000000100e+02
8.310524999999999807e+01 -2.268254000000000019e+02
-7.337489000000000487e+02 1.265088350000000048e+02
-7.769151600000000144e+02 6.856256000000000483e+01
-1.443122299999999996e+02 -9.291781999999999471e+02
-8.218202499999999873e+02 3.359279999999999973e+02
-6.712092000000000098e+02 6.076842699999999695e+02
-7.126441999999999553e+02 5.141194500000000289e+02
-7.967751500000000533e+02 4.361997700000000009e+02
-7.014494999999999436e+02 4.106945000000000050e+02
-4.939322500000000105e+02 7.552330299999999852e+02
-5.614474500000000035e+02 6.887694000000000187e+02
-6.556842000000000326e+02 -1.193261899999999969e+02
-7.167672999999999774e+02 -2.645124799999999823e+02
-9.489483599999999797e+02 -2.348127399999999909e+02
-9.249388400000000274e+02 -3.152873500000000035e+02
-8.081905999999999324e+01 -4.477533000000000243e+02
-9.892442999999999529e+02 -6.480794000000000210e+01
-6.505901499999999942e+02 -3.413907199999999875e+02
-9.100450399999999718e+02 -1.586673900000000117e+02
-9.099446000000000367e+02 -4.060014600000000087e+02
-8.655522999999999456e+02 -4.873922000000000025e+02
-8.087560999999999467e+02 -5.580978999999999814e+02
-6.903997000000000526e+02 -5.931939999999999600e+02
-5.461453000000000202e+02 -6.033201000000000249e+02
-6.196125500000000557e+02 -5.381725000000000136e+02
-7.171471999999999980e+02 -4.132703200000000265e+02
-6.209640500000000429e+02 -6.379670999999999594e+02
-6.983445400000000518e+02 -4.948633399999999938e+02
-8.289128399999999601e+02 -2.424531200000000126e+02
-5.175488000000000284e+02 -5.174855300000000398e+02
-5.698251299999999446e+02 -2.633326000000000136e+02
-6.472621500000000196e+02 -2.030104000000000042e+02
-4.850246300000000019e+02 -3.329778699999999958e+02
-4.578843400000000088e+02 -4.170124000000000137e+02
-8.264959999999999809e+02 -3.736308300000000031e+02
4.442313199999999824e+02 -3.252514300000000276e+02
2.883801300000000083e+02 -4.689217199999999934e+02
-8.317019699999999602e+02 -4.151752499999999912e+01
-5.455105600000000550e+02 -6.876990399999999681e+02
-6.123730000000000473e+02 -4.458047500000000127e+02
-4.683117399999999861e+02 -6.758646999999999707e+02
-3.876497499999999832e+02 -4.781557300000000055e+02
-4.167577200000000062e+02 -5.683206999999999880e+02
-7.786254000000000133e+02 -1.249095149999999990e+02
1.371570900000000108e+02 -8.520335000000000036e+02
-2.073366100000000074e+02 -6.990508999999999560e+02
-2.668365999999999758e+02 -5.884286499999999478e+02
-2.795119000000000256e+02 -6.791767999999999574e+02
