gi15801179 -746.4816 448.01785
gi16129025 -611.91943 557.29346
323.3062153431158 -611.00574 -1415.3876
gi24112473 -606.8564 589.116
gi1651519 -572.307 425.90836
gi16764519 -557.6051 471.83624
gi16760039 -652.4158 399.92963
gi279570 -589.46094 464.66205
gi1346930 -649.19135 470.7211
3.0969100130080562 -744.1693 500.8539
gi16078614 -666.5099 483.04935
3.0 -684.0022 419.2907
gi3122654 -671.0929 484.5099
gi3024509 -659.5502 476.7021
1.537602002101044 -679.1999 618.203
gi21294381 -666.2552 482.1033
0.8538719643217619 -665.4972 415.04944
gi400909 -592.20355 470.8346
0.8239087409443188 -639.2534 550.9046
gi279582 -606.78235 561.17175
gi7331 -749.96344 535.47235
gi14192678 -609.5804 -1425.7758
0.0 -656.2257 484.1458
gi21362600 -675.30145 487.41977
gi2501620 -610.084 -1425.454
gi3122248 -653.8926 489.45685
gi22988246 -657.5684 471.54608
gi3688063 -650.7733 467.42215
gi2501623 -603.2081 -1425.5559
gi1246354 -661.4531 470.487
gi16766629 -645.61914 479.59564
gi16128322 -671.91833 488.45493
gi1657533 -646.84216 489.2527
gi18478562 -648.9479 496.08698
gi15800066 -662.0297 479.60895
gi23502230 -622.4593 -1407.6423
gi16120505 -740.7922 533.6588
gi16762096 -645.9453 488.5812
gi17986930 -618.84265 -1427.2961
gi3182927 -651.54205 471.50134
gi22218649 -635.98456 488.42105
gi9931313 -636.9579 507.7731
gi3122243 -661.6492 455.75836
gi131696 -649.52185 492.07867
gi191173 -665.8367 481.7265
gi2506025 -644.8233 484.21436
gi191364 -644.53577 495.55383
gi9967069 -660.09204 481.67114
gi13357995 -631.5181 488.71436
gi7272374 -621.54675 -1432.6846
gi19856524 -618.8598 -1396.186
gi914897 -659.7527 456.8327
gi15925280 -611.1484 -1421.1702
gi1174887 -601.04376 -1409.4042
180.0 -675.317 -1444.0273
gi7245484 -616.5422 -1420.312
178.69897000433602 -645.97906 -1260.4502
gi14278353 -619.39734 -1405.7286
178.39794000867204 -584.6075 -1468.5614
gi15612817 -622.0356 -1407.6987
177.69897000433602 -591.91046 -1476.9119
gi23020534 -615.7357 -1402.6879
177.22184874961636 -616.4629 -1267.1438
gi16080717 -594.2607 -1415.6853
176.0 -572.917 -1482.5034
gi586164 -615.33105 -1421.046
175.22184874961636 -508.22614 -1445.4268
gi2507522 -600.0174 -1424.4119
174.69897000433602 -425.86493 -1588.4539
gi23000615 -609.81165 -1410.6077
174.0 -594.80383 -1451.5205
gi731075 -604.05365 -1399.8667
173.52287874528034 -612.7918 403.6153
gi23027998 -618.278 -1422.2012
173.39794000867204 -665.0745 -1364.9354
gi22988607 -612.0973 -1424.4304
173.0 -683.6805 -1558.1431
gi10336584 -605.2834 -1413.1293
172.0 -610.40295 -1499.9202
gi7320802 -600.52295 -1401.7856
171.22184874961636 -445.43304 -1634.3374
gi3915207 -605.9174 -1399.525
171.09691001300806 -573.863 392.05927
gi137070 -599.3087 -1416.6179
gi137073 -614.02655 -1419.8755
171.04575749056067 -688.61456 -1432.2682
gi137074 -619.1769 -1418.4374
170.69897000433602 -611.1785 635.2987
gi13959023 -595.6583 -1404.8436
gi227457 -613.9495 -1412.6198
gi2624847 -613.1839 -1414.718
170.39794000867204 -885.2347 311.18164
gi16974911 -610.9073 -1421.0154
gi19338960 -600.74854 -1420.1877
gi15800666 -592.8359 -1421.0825
170.30102999566398 -706.4167 -1385.9744
gi23136289 -599.4113 -1407.1504
170.22184874961636 -549.7602 -1249.1118
gi5913962 -600.6901 -1411.929
170.09691001300806 -651.0128 570.2854
gi15611138 -605.2688 -1417.3622
gi14579320 -602.7167 -1427.0916
gi43635 -610.8446 -1425.4939
gi23501177 -617.9351 -1409.0936
gi7245287 -600.09753 -1421.5225
170.04575749056067 -573.19183 423.25952
gi17987935 -611.2478 -1411.9105
169.69897000433602 -613.6018 386.9524
gi16974909 -601.76245 -1412.5576
gi19070377 -613.4563 -1417.4902
gi13605430 -610.4164 -1404.4896
169.39794000867204 -536.87555 -1373.6589
gi12313641 -614.2547 -1411.7312
169.09691001300806 -612.5106 651.0328
gi16329675 -608.6458 -1408.4545
169.0 -814.6489 388.28033
gi17231162 -618.22864 -1422.7402
gi15966223 -608.57477 -1417.6243
168.69897000433602 -464.1 449.68417
gi23039910 -612.6349 -1404.5337
gi14599161 -606.20013 -1425.4993
168.39794000867204 -484.12674 454.89758
gi1073151 -615.4606 -1415.3175
gi14599415 -615.63184 -1410.7612
168.22184874961636 -690.3759 434.58896
gi23126033 -619.8134 -1404.0146
gi14599435 -617.7521 -1412.0144
168.15490195998575 -604.52985 465.67325
gi3659633 -608.1497 -1425.6265
168.09691001300806 -493.2738 -1387.0435
gi1174891 -613.316 -1421.272
167.69897000433602 -760.0293 466.96048
gi14599413 -608.47833 -1416.394
gi586167 -605.9963 -1403.6389
gi4249601 -607.9186 -1413.8231
167.52287874528034 -523.6985 -1229.8717
gi15807978 -598.702 -1405.3835
gi13474128 -605.7521 -1425.0306
167.30102999566398 -563.6338 613.5595
gi22976226 -609.083 -1403.4877
167.15490195998575 -608.03674 -1002.3331
gi2340847 -617.03955 -1425.9453
167.0 -657.0581 324.45367
gi23058236 -602.25806 -1419.728
166.69897000433602 -658.82605 425.35706
gi7839375 -618.9533 -1423.0613
gi16272483 -599.766 -1410.0092
166.52287874528034 -652.2263 573.49896
gi15889672 -607.4326 -1419.6947
166.39794000867204 -693.9139 617.9313
gi22297549 -606.575 -1431.8398
gi2708800 -596.29285 -1417.2368
165.69897000433602 -498.62952 395.563
gi23101955 -605.1068 -1406.596
165.52287874528034 -725.49963 -1350.7961
gi19310948 -605.4836 -1408.6451
165.30102999566398 -713.4476 339.59
gi137071 -614.83527 -1405.6987
164.0 -594.7351 396.05624
gi4545295 -604.441 397.61102
gi15220459 -621.814 -1415.2617
163.15490195998575 -725.9661 366.58313
gi17402589 -594.5855 -1409.0624
gi17546751 -616.37537 -1407.1458
163.04575749056067 -805.51624 -1201.5453
gi465008 -588.9393 -1410.6805
162.04575749056067 -774.7535 407.3025
gi225714 -596.53107 -1400.769
162.0 -772.55804 347.28888
gi224797 -596.2543 -1396.8545
gi15600061 -601.2919 -1410.259
gi167228 -610.83875 -1397.5972
161.22184874961636 -720.072 -1271.7123
160.52287874528034 -644.79846 -1561.4536
gi15608987 -664.7113 494.6009
159.69897000433602 -566.5066 590.6605
gi6633958 -595.4377 -1421.2872
159.52287874528034 -777.7741 470.8783
gi16122873 -608.49115 -1407.6141
158.22184874961636 -718.667 544.03906
gi1718044 -620.0747 -1416.0228
158.0 -561.34576 308.91217
gi1174889 -621.7671 -1417.7266
157.69897000433602 -621.53735 399.38687
gi886331 -672.74634 -1448.4008
157.52287874528034 -806.85315 447.87073
gi21219743 -617.5764 -1429.3016
156.52287874528034 -782.9022 582.95245
152.69897000433602 -717.0862 466.3177
gi421269 -665.9236 484.76733
150.69897000433602 -692.63367 391.9943
gi22125140 -645.05676 497.1875
150.30102999566398 -607.1238 396.26947
gi22831365 -663.7269 468.48352
150.22184874961636 -735.7549 568.5979
146.09691001300806 -625.8741 395.3676
gi21637244 -659.31274 469.33838
118.0 -710.3077 468.42456
gi21637179 -663.65967 470.48163
117.39794000867204 -373.68604 580.946
gi21637208 -641.3769 479.70087
117.15490195998575 -419.2296 -1545.7261
gi21637205 -644.77997 472.7541
115.69897000433602 -597.43866 397.82254
gi21637192 -666.8142 494.6584
113.30102999566398 -765.79517 622.1255
gi21637202 -654.8382 493.25482
111.15490195998575 -609.90826 392.5507
gi4033703 -647.7402 489.36688
1.5086383061657274 -614.4575 430.87823
gi16080988 -651.5915 488.83344
1.1804560644581312 -777.96387 392.50098
gi6226558 -669.4636 459.34076
1.0132282657337552 -655.6637 425.45853
gi11890745 -644.2925 507.51813
1.0 -677.2342 363.48474
gi8895751 -654.559 480.38895
gi15833269 -647.5835 486.52783
0.7958800173440752 -667.05115 555.10657
gi15803675 -654.8101 488.4152
0.769551078621726 -473.97125 533.5485
0.5086383061657274 -520.6263 -1334.4689
0.4089353929735008 -652.2301 546.6432
0.3565473235138126 -703.8905 411.60315
gi6753960 -653.27875 479.14658
0.16749108729376366 -791.0381 572.8198
gi20270696 -657.6377 484.30273
0.14266750356873156 -613.1434 -1332.0012
gi4758426 -655.8601 483.98697
0.05551732784983137 -508.98544 545.8103
gi6330926 -652.8163 485.45514
0.004364805402450088 -500.64896 533.1935
gi21730171 -656.12354 456.51538
gi11837778 -657.43445 492.57825
gi887833 -652.24524 497.1742
gi15803420 -663.0587 484.4782
gi16130785 -656.1924 487.83176
gi15833010 -663.00323 486.92163
gi23062845 -636.01324 493.77304
gi13929094 -651.15405 484.25977
gi7533042 -650.8463 489.67157
gi3334230 -640.59265 497.3614
gi15595638 -653.3337 505.77426
gi4557311 -640.8319 592.50555
gi17432321 -651.4352 475.23773
gi16078516 -673.27026 471.17212
gi7484807 -746.955 493.54404
gi18404701 -578.36084 492.411
gi24115394 -662.6057 492.31177
gi16132149 -656.8414 476.59
gi15804904 -650.1001 481.01993
gi6141557 -655.2943 502.87866
gi13194736 -641.5392 480.84296
gi8509 -656.0388 478.9009
gi3915831 -655.5132 478.74445
gi22832393 -653.19214 483.45523
179.52287874528034 -602.199 -1511.718
179.09691001300806 -505.38113 -1393.7202
179.0 -646.21265 -1486.3469
174.15490195998575 -523.0894 -1407.8584
172.52287874528034 -662.8264 -1364.9718
169.04575749056067 -603.2708 -1454.7645
131.0 -550.0817 425.19263
129.30102999566398 -655.90393 566.8871
128.69897000433602 -602.46576 515.1151
128.30102999566398 -729.20233 637.7569
128.04575749056067 -703.1493 473.62598
126.0 -584.3061 414.1122
7.0 -681.7602 672.3467
6.3979400086720375 -753.5346 613.8912
5.301029995663981 -712.82623 352.75998
4.3979400086720375 -845.5842 467.26883
4.221848749616356 -510.66208 450.87256
4.154901959985743 -602.60565 569.46497
3.3979400086720375 -548.89575 425.23785
3.0457574905606752 -451.46317 472.6294
gi3122249 -648.8396 504.40778
2.3010299956639813 -566.03864 478.70938
gi3287876 -641.91125 492.54422
1.958607314841775 -800.1147 491.5277
1.8239087409443189 -717.4669 564.2599
gi3287879 -643.17615 487.45944
1.744727494896694 -578.6285 386.91165
gi16767756 -648.9386 493.65387
1.585026652029182 -601.9361 477.20636
1.5686362358410126 -694.4165 538.3691
1.408935392973501 -619.54626 581.5365
gi3287737 -657.72675 487.6643
1.3767507096020994 -619.3122 542.9387
1.1674910872937636 -810.4416 498.2991
1.1135092748275182 -608.9486 571.4056
1.0506099933550872 -547.2808 516.95776
gi23200220 -633.6494 471.86755
0.8860566476931632 -588.4772 468.99643
gi16763320 -636.8251 483.99826
gi627281 -672.4795 484.86145
0.6777807052660807 -549.3251 425.08835
0.6575773191777937 -630.4266 512.36444
0.6020599913279624 -685.23 668.039
0.3098039199714863 -613.8605 391.96378
0.3010299956639812 -650.582 541.1907
0.26760624017703144 -527.10834 520.4203
0.09691001300805639 -586.85876 -1600.5308
0.08618614761628333 -628.09784 369.78268
0.06550154875643228 -694.8633 485.0966
0.060480747381381476 -757.2926 470.5109
gi728827 -656.115 496.84857
gi15595634 -643.1952 464.89734
gi12644702 -652.2712 497.43463
gi13022196 -657.10333 494.94843
gi6322218 -644.2077 473.62912
gi171366 -649.491 483.67673
gi17532699 -639.608 487.60287
177.52287874528034 -568.13104 -1349.5515
151.0 -831.28204 460.15906
149.69897000433602 -477.6221 572.22375
147.15490195998575 -605.8538 -1561.881
144.0 -676.38367 112.38516
140.0 -720.9684 -1362.8755
139.69897000433602 -489.18167 -1460.2882
7.221848749616356 -550.8559 648.8569
6.301029995663981 -589.0493 425.34943
6.045757490560675 -529.3709 292.3249
5.3979400086720375 -805.6543 634.41583
5.0 -524.10205 577.3318
4.0 -674.4616 451.73798
3.6989700043360187 -606.8807 578.2782
3.5228787452803374 -671.2074 415.57025
gi348315 -664.6502 475.6055
2.6989700043360187 -688.7268 558.95557
2.5228787452803374 -752.65717 466.82874
1.7212463990471711 -630.9982 546.79877
1.6575773191777938 -476.9416 -1504.509
1.5528419686577808 -669.5788 529.4773
1.3665315444204136 -718.1372 374.71838
1.2365720064370627 -488.4673 -1480.3918
1.0222763947111522 -604.5645 476.93945
0.958607314841775 -481.64795 403.70917
0.3279021420642826 -733.4564 271.7387
0.2924298239020636 -595.4731 407.29306
0.28399665636520083 -549.6312 427.15552
0.2218487496163564 -747.8887 454.91592
0.1366771398795441 -762.96606 454.66922
gi11359582 -545.30493 455.73047
gi16945394 -723.147 404.81244
gi400237 -599.49225 605.08185
gi14719485 -651.8092 455.57767
gi2098312 -786.3021 468.11414
gi13786719 -529.5623 489.6029
gi12084365 -670.83936 506.5935
gi2392286 -548.8672 417.45816
gi17977844 -831.5155 495.57144
gi15212234 -727.4286 553.5493
gi20302047 -681.59186 479.48703
gi18859679 -772.68115 -1656.4558
53.52287874528034 -581.345 305.5862
53.39794000867204 -323.3284 512.3937
10.096910013008056 -761.7366 414.31778
10.045757490560675 -566.5113 476.60895
9.698970004336019 -614.148 653.4235
6.0 -697.78687 471.96875
4.698970004336019 -800.2123 556.62634
1.2291479883578558 -527.8871 541.37665
1.1426675035687315 -724.7927 461.2038
1.136677139879544 -688.52075 411.9627
1.0969100130080565 -545.17114 517.8633
1.0757207139381184 -542.73444 512.8799
gi2494044 -644.30963 -1284.8817
gi13928736 -521.2396 -1594.9413
0.9208187539523752 -590.5828 585.3977
0.585026652029182 -523.5221 418.59045
0.38721614328026455 -657.8978 425.75607
0.2006594505464183 -767.04114 424.97375
0.1938200260161128 -711.0291 568.66833
0.17392519729917355 -688.3292 402.8437
0.11918640771920865 -747.7554 443.97354
gi15643577 -644.873 478.01318
gi6753048 -574.0417 370.52698
0.05060999335508721 -617.26685 334.8838
gi21294189 -513.27094 502.6211
0.040958607678906384 -562.29443 -1485.2003
0.03151705144606486 -665.01843 -1458.1826
0.017728766960431602 -653.4161 650.28577
gi2494043 -685.1936 -1691.9087
gi399033 -666.3612 -1417.2161
gi4502079 -555.7596 -1557.9883
gi2134756 -701.59045 -1328.5361
gi21311925 -708.0494 -1473.905
gi644509 -484.70825 -1677.9685
gi5922016 -699.68005 -1456.6001
gi21264318 -480.721 -1398.1989
gi5922018 -725.63873 -1476.1444
gi178547 -624.6203 -1508.8547
gi13938134 -763.5373 368.70456
gi608499 -651.9175 563.77966
gi19111945 -780.7478 382.9204
gi995562 -622.24817 376.89056
gi171053 -574.4013 485.48334
gi6323606 -690.9176 450.92053
gi7638159 -648.4571 433.96915
gi9837270 -662.5116 499.43152
179.69897000433602 -762.339 -1438.9558
179.39794000867204 -566.6816 -1495.6854
178.15490195998575 -545.86444 -1408.1487
177.15490195998575 -700.8957 -1481.0859
176.30102999566398 -685.05444 -1402.7129
175.52287874528034 -690.42847 -1431.6803
175.30102999566398 -479.43292 -1249.2445
173.69897000433602 -772.7215 398.4029
171.39794000867204 -566.12683 -1325.3698
171.0 -871.4259 471.40656
170.0 -651.14734 566.53143
168.30102999566398 -520.9708 -1466.2764
168.0 -504.32797 -1269.9558
166.0 -506.6788 -1338.895
165.39794000867204 -708.3886 -1423.0745
165.22184874961636 -607.0885 236.37328
165.0 -699.98895 -1302.5095
163.69897000433602 -480.71594 -1320.0125
163.39794000867204 -534.1947 -1554.953
162.30102999566398 -564.52734 -1478.1431
161.69897000433602 -694.7721 -1375.4406
161.39794000867204 -521.9338 -1305.4307
161.30102999566398 -645.4918 -1548.4093
158.30102999566398 -455.47366 -1387.6329
157.0 -729.2396 401.1825
156.69897000433602 -748.3737 583.74115
155.15490195998575 -559.6392 -1292.7942
152.04575749056067 -445.57834 -1406.6531
147.39794000867204 -498.9494 -1294.2434
115.39794000867204 -842.75696 401.60364
115.09691001300806 -616.84467 -1356.466
111.0 -688.6087 -1139.8079
110.22184874961636 -726.0883 -1435.3948
109.0 -621.90405 413.54572
3.154901959985743 -539.95416 475.41663
2.3979400086720375 -695.1467 551.7949
2.221848749616356 -730.81903 362.9527
1.853871964321762 -652.0067 534.4414
1.7958800173440752 -781.90295 476.90823
1.4685210829577449 -529.1947 501.25696
1.4202164033831899 -757.8187 618.94415
1.337242168318426 -621.427 322.39954
1.2596373105057561 -490.3801 -1339.752
1.193820026016113 -563.70276 -1364.1527
1.0705810742857071 -623.00446 543.4328
0.721246399047171 -601.08997 505.29465
0.10790539730951958 -508.99762 520.8292
117.30102999566398 -524.0815 544.5371
116.15490195998575 -472.85138 256.3508
104.69897000433602 -714.01495 538.3147
102.22184874961636 -581.5763 164.59091
100.39794000867204 -779.4274 346.69952
99.52287874528034 -565.45917 387.235
88.39794000867204 -502.13538 314.0375
87.39794000867204 -590.13336 434.63812
86.30102999566398 -547.2577 399.04926
46.096910013008056 -474.63373 408.68866
46.045757490560675 -517.0003 499.41064
46.0 -682.3091 295.85907
31.522878745280337 -616.4298 315.68524
28.397940008672037 -494.0055 474.13358
28.0 -863.56696 567.1208
25.221848749616356 -462.69904 471.62167
19.522878745280337 -696.19745 507.85306
18.0 -563.22424 212.7349
17.69897000433602 -493.52594 642.8606
17.397940008672037 -437.20993 366.1065
17.0 -740.0177 557.3734
16.69897000433602 -558.281 541.8244
16.522878745280337 -515.05927 453.70038
13.698970004336019 -663.18884 441.27185
7.698970004336019 -665.8457 398.41705
5.698970004336019 -545.7986 476.84354
5.154901959985743 -703.8215 492.65417
5.096910013008056 -610.8971 309.43607
4.045757490560675 -845.1789 391.61148
3.3010299956639813 -568.23956 411.53568
3.2218487496163566 -549.49176 480.71527
gi15602430 -656.2544 473.07507
2.0969100130080562 -509.01965 486.6695
2.0457574905606752 -760.12823 576.08813
2.0 -616.8363 475.19528
1.9208187539523751 -711.86523 390.48315
1.6989700043360187 -664.7299 366.69287
1.6777807052660807 -659.0683 534.74805
1.6020599913279623 -672.8844 442.94705
1.5228787452803376 -650.534 434.30542
1.4814860601221125 -705.9714 462.14398
1.4559319556497243 -603.1697 528.9059
1.3872161432802645 -520.1175 368.3916
1.3467874862246563 -405.95673 -1321.5095
1.3279021420642825 -477.17987 -1413.488
1.3187587626244128 -715.9187 338.36136
1.3010299956639813 -629.0153 401.32294
1.2924298239020637 -619.4632 363.9132
1.1191864077192086 -604.5438 448.73047
0.744727494896694 -725.29047 406.71558
0.3979400086720376 -696.4337 502.07788
0.2596373105057561 -632.49866 411.08575
0.25181197299379954 -634.0418 406.71375
0.12493873660829995 -846.6378 355.5629
51.0 -792.6062 662.0564
15.698970004336019 -481.56342 499.92328
15.0 -720.75037 502.87573
14.698970004336019 -772.6056 485.498
14.522878745280337 -672.67847 555.8186
14.221848749616356 -573.47015 485.5445
9.522878745280337 -685.76965 637.4134
1.3979400086720375 -603.191 475.1555
1.2676062401770316 -714.99567 657.0224
0.5528419686577808 -685.8231 294.80325
0.494850021680094 -629.2419 521.8491
0.4814860601221125 -565.2598 -1311.1818
0.44369749923271273 -585.561 601.28644
0.42021640338318983 -607.3522 508.8694
0.3467874862246563 -687.74524 475.47327
0.036212172654444715 -632.4625 427.1924
0.00877392430750515 -482.4362 383.81686
gi28373486 -755.60175 575.2675
gi3892028 -659.0264 501.09695
gi1518868 -636.07227 488.73795
gi6680636 -664.3234 493.59164
gi4557249 -644.1419 400.6392
gi18426812 -672.7377 477.35123
gi20141178 -642.8539 552.69904
172.39794000867204 -592.93524 533.56555
159.0 -820.38245 394.4386
158.39794000867204 -580.96423 -1267.4185
157.15490195998575 -508.47668 685.798
146.30102999566398 -730.2107 530.8644
126.39794000867204 -725.8304 597.0956
167.39794000867204 -562.7868 -1495.7361
133.52287874528034 -616.3804 425.04938
130.69897000433602 -729.5198 372.22052
112.69897000433602 -541.9529 477.0329
112.39794000867204 -738.9983 515.9128
105.30102999566398 -456.9112 316.86243
33.096910013008056 -678.9391 403.03625
26.221848749616356 -735.20325 287.7142
25.0 -672.0857 524.40027
24.522878745280337 -620.4018 434.42847
24.397940008672037 -641.7758 552.61957
24.30102999566398 -670.5596 448.45493
22.69897000433602 -653.88354 694.7645
17.045757490560675 -684.64484 373.79974
16.154901959985743 -593.06 567.39856
13.0 -661.20636 421.25934
12.522878745280337 -609.347 475.02612
10.522878745280337 -620.71027 379.43362
10.0 -563.92975 632.36646
8.522878745280337 -622.8861 409.23187
1.1870866433571443 -649.8237 623.03033
0.5686362358410126 -716.9758 -1445.4758
0.22914798835785583 -678.8889 430.21548
0.21467016498923297 -688.0454 303.8101
0.20760831050174613 -773.1762 589.00525
0.18708664335714442 -535.39484 357.3256
0.1804560644581313 -620.8808 587.0103
0.16115090926274472 -674.7348 434.36328
0.14874165128092473 -628.0377 575.9571
0.09151498112135022 -590.12573 335.21228
0.07572071393811836 -587.2691 475.36603
0.045757490560675115 -748.3605 512.8422
176.15490195998575 -690.2239 -1422.2385
175.0 -507.87857 -1490.7153
174.39794000867204 -597.4737 -1290.5706
172.69897000433602 -631.7978 -1468.5671
172.30102999566398 -438.28607 -1355.1312
171.69897000433602 -644.92957 -1591.7236
130.0 -517.516 546.596
126.09691001300806 -713.79663 -1357.9747
122.69897000433602 -740.3449 -1361.6531
121.69897000433602 -861.66895 -1364.8962
6.698970004336019 -584.5676 316.13272
5.221848749616356 -683.43567 380.58124
4.301029995663981 -577.6296 426.33206
1.8860566476931633 -608.9086 487.4449
1.6382721639824072 -735.8508 288.81747
1.1739251972991736 -778.0386 346.13846
1.0915149811213503 -749.26263 340.7713
165.15490195998575 -646.3456 356.97113
165.09691001300806 -648.03955 413.6057
153.69897000433602 -668.0038 -1364.4844
150.0 -542.3579 361.84323
144.04575749056067 -686.8373 -132.0677
143.69897000433602 -594.5891 -1331.4252
143.39794000867204 -351.8496 -1294.995
142.69897000433602 -512.64124 -1210.5967
142.39794000867204 -657.30646 -1526.4585
141.69897000433602 -564.9229 -1379.1597
131.39794000867204 -641.60364 579.06226
111.39794000867204 -560.6638 -1278.0677
129.15490195998575 -725.61334 450.4279
122.0 -705.52295 388.73532
118.09691001300806 -608.66785 539.0158
115.30102999566398 -461.52386 510.7794
115.22184874961636 -581.2285 604.4614
115.15490195998575 -708.1622 547.3768
114.69897000433602 -668.3393 372.21234
112.52287874528034 -669.7397 532.57513
104.52287874528034 -730.4999 432.75854
35.096910013008056 -810.91254 476.33258
32.15490195998574 -693.9673 614.4851
30.30102999566398 -726.0382 487.34583
25.30102999566398 -697.0687 607.6918
22.522878745280337 -706.344 437.88834
22.397940008672037 -689.1736 415.5158
22.096910013008056 -521.66235 616.33844
21.69897000433602 -619.10156 439.188
20.69897000433602 -693.50073 312.52344
20.397940008672037 -530.9389 522.9047
20.0 -578.452 537.35876
18.69897000433602 -491.2286 412.13287
18.30102999566398 -471.8355 475.0689
0.46852108295774486 -530.1513 456.4641
0.27572413039921095 -618.1089 374.35947
0.23657200643706275 -505.9765 401.7963
gi7531230 -612.0135 574.8614
132.09691001300806 -705.0555 434.88348
6.221848749616356 -760.9614 345.15057
4.522878745280337 -687.1296 486.8471
2.154901959985743 -755.74756 486.16437
1.494850021680094 -507.37067 503.1537
1.431798275933005 -580.2862 544.1375
1.3565473235138126 -706.4253 458.25134
1.2839966563652008 -765.76294 643.6372
1.275724130399211 -717.50494 685.42004
1.1611509092627446 -651.83405 433.5791
0.6989700043360187 -728.51556 516.0798
0.638272163982407 -744.4089 568.0532
0.619788758288394 -602.40594 601.35004
155.0 -726.71313 -1359.4313
152.22184874961636 -768.09515 414.56573
148.0 -647.74994 -1284.876
147.69897000433602 -536.42303 -1502.4272
7.522878745280337 -638.9609 370.6574
5.045757490560675 -558.2272 301.4606
1.2006594505464183 -715.585 338.25943
0.1549019599857432 -739.0371 525.7778
171.15490195998575 -719.5246 385.77167
134.09691001300806 -577.20996 374.35504
134.0 -477.19543 591.6095
131.52287874528034 -582.40784 492.06775
129.52287874528034 -617.24286 394.147
124.69897000433602 -605.94836 -1466.8723
123.69897000433602 -504.0306 543.5456
7.301029995663981 -540.23737 513.89264
1.7695510786217261 -692.2024 477.21115
179.22184874961636 -614.80914 -1584.6702
179.15490195998575 -641.9552 -1362.722
178.52287874528034 -642.63074 -1299.9524
178.09691001300806 -565.04926 -1301.1367
177.39794000867204 -650.7647 -1389.7883
177.30102999566398 -687.0105 -1474.208
177.0 -566.6297 -1315.8502
176.69897000433602 -809.69794 -1281.0222
176.52287874528034 -482.14496 -1274.854
175.39794000867204 -569.221 -1453.6754
173.30102999566398 -275.8054 -1532.6113
172.04575749056067 -699.3867 -1335.7996
170.52287874528034 -604.6563 542.2291
169.52287874528034 -761.3473 -1441.0706
167.09691001300806 -764.8795 -1405.8282
166.15490195998575 -554.44836 -1352.521
164.69897000433602 -708.5486 -1420.2542
164.39794000867204 -473.87805 -1445.3514
163.22184874961636 -720.7608 515.43134
162.22184874961636 -413.61597 354.60007
112.0 -660.3218 401.23438
110.69897000433602 -640.7561 354.77878
107.52287874528034 -670.8236 -1501.4282
106.52287874528034 -682.3082 643.29663
106.39794000867204 -614.28186 485.53482
1.214670164989233 -712.8143 387.6189
1.0457574905606752 -655.97766 253.37122
1.0362121726544447 -638.9812 391.19934
0.4559319556497244 -727.4966 419.81003
0.431798275933005 -694.3149 556.7382
177.09691001300806 -544.0478 -1457.0571
147.0 -464.47864 -1483.1398
145.30102999566398 -542.07495 -1412.8674
141.0 -462.76965 -1443.62
138.0 -549.7719 -1473.8945
137.52287874528034 -578.7965 -1529.822
1.6197887582883939 -603.7455 503.70825
0.24412514432750865 -757.53424 532.1793
0.11350927482751812 -700.89105 433.37494
40.69897000433602 -742.41187 444.93594
40.52287874528034 -532.0493 688.4105
39.69897000433602 -611.769 639.8048
10.397940008672037 -586.1067 353.05713
1.2518119729937995 -727.088 395.80276
1.2441251443275085 -633.3531 448.5785
1.207608310501746 -598.48315 476.0426
1.0655015487564323 -592.433 436.71594
0.08092190762392612 -558.1754 460.21375
178.30102999566398 -652.2118 -1388.1407
133.30102999566398 -667.3086 -1364.731
129.0 -581.9062 400.45016
124.0 -789.1821 -1053.3466
123.09691001300806 -490.107 -1314.2515
174.52287874528034 -610.7653 -1358.5193
169.30102999566398 -558.02277 371.7235
168.52287874528034 -617.5167 330.73685
164.52287874528034 -498.94058 426.62247
163.0 -645.01855 -1453.731
162.52287874528034 -566.67084 -1324.5955
162.39794000867204 -699.6373 -1472.2788
161.52287874528034 -573.35486 291.55362
161.09691001300806 -684.411 -1084.9979
160.0 -753.5987 595.9814
158.69897000433602 -520.9403 470.38983
158.52287874528034 -454.6856 -1467.8016
156.0 -689.2725 512.9676
155.52287874528034 -726.0713 364.38724
155.22184874961636 -677.13513 362.05167
153.0 -619.37445 416.13278
109.52287874528034 -670.02734 627.7613
108.69897000433602 -748.3802 503.9946
108.0 -421.60315 460.24765
107.15490195998575 -448.24326 567.5702
106.69897000433602 -640.38995 640.5768
0.022276394711152253 -731.3099 507.1655
124.04575749056067 -484.63733 -1112.6882
123.0 -542.85974 373.488
122.22184874961636 -839.73566 655.3973
109.39794000867204 -717.69476 611.9056
108.22184874961636 -524.0911 467.99127
103.69897000433602 -518.00934 354.41226
49.30102999566398 -604.8377 453.32355
49.221848749616356 -525.06885 460.97614
49.15490195998574 -641.6389 590.8048
23.0 -709.47485 439.57697
16.30102999566398 -428.13263 326.2112
16.0 -668.0151 681.7874
12.0 -766.3307 513.93024
11.698970004336019 -454.1614 387.8755
11.522878745280337 -740.5189 451.06412
11.221848749616356 -525.1429 280.3164
10.154901959985743 -358.02646 341.8402
8.698970004336019 -718.7518 198.57071
4.096910013008056 -701.4023 494.12567
1.0555173278498313 -646.8473 539.1844
1.00436480540245 -498.4621 422.433
0.5376020021010439 -606.9145 -1489.2958
62.0 -620.17554 414.60782
61.69897000433602 -654.9771 415.9763
61.52287874528034 -703.11865 527.2132
61.0 -567.2985 481.37628
27.0 -713.3893 717.0503
15.301029995663981 -776.85535 364.24927
13.397940008672037 -792.9104 547.7627
12.397940008672037 -611.595 603.84326
1.1249387366083 -595.9475 445.5699
0.5228787452803376 -621.83765 555.6233
0.37675070960209955 -590.4532 493.60684
0.36653154442041347 -676.63214 572.8678
0.3187587626244128 -614.8713 332.0979
0.026872146400301365 -647.30707 640.751
176.39794000867204 -565.8935 -1517.6338
176.09691001300806 -563.14844 -1427.0153
172.15490195998575 -539.5289 -1314.96
131.09691001300806 -698.8981 -1395.58
129.04575749056067 -459.6918 -1384.0603
128.15490195998575 -725.09674 448.77243
127.69897000433602 -595.4169 511.01404
126.52287874528034 -554.7207 -1133.142
5.522878745280337 -685.3519 673.6115
gi24113013 -641.8734 303.9333
gi15802037 -655.0623 532.35345
gi16129581 -726.83105 437.99014
173.04575749056067 -590.16907 326.33154
147.09691001300806 -719.4262 -1241.8827
141.52287874528034 -564.8987 -1364.8999
137.0 -817.3362 -1137.7268
136.0 -757.0252 -1480.5206
1.3098039199714864 -691.34546 582.9682
1.1023729087095586 -520.4817 557.86
171.52287874528034 -723.06635 -1311.3141
171.30102999566398 -625.5509 608.4244
164.30102999566398 -451.92355 -1514.9279
161.0 -499.7574 -1424.6898
143.52287874528034 -549.5508 -1408.6011
166.30102999566398 -679.44666 -1521.817
166.04575749056067 -703.5446 -1298.1984
154.52287874528034 -752.52576 558.44293
128.0 -817.7456 485.02405
1.4436974992327127 -623.7193 310.59116
1.1307682802690238 -550.6387 -1466.4988
1.0409586076789064 -602.8099 413.19916
0.3372421683184259 -440.56027 391.93967
0.10237290870955855 -685.44745 662.8748
0.01322826573375516 -764.96765 426.21823
157.39794000867204 -860.98706 439.66357
152.30102999566398 -673.9196 566.2926
151.09691001300806 -790.2804 283.29892
137.69897000433602 -685.4957 -1373.5774
59.0 -640.0598 397.61713
58.69897000433602 -403.10577 596.8796
9.221848749616356 -559.919 682.33795
8.0 -482.23416 395.42407
0.07058107428570728 -517.3032 541.79785
99.69897000433602 -805.4794 403.0496
31.69897000433602 -766.526 434.93454
28.30102999566398 -480.18954 314.76694
27.69897000433602 -568.7545 601.08026
14.397940008672037 -504.7374 280.0169
14.096910013008056 -564.4775 588.32166
12.301029995663981 -680.1208 390.93738
12.096910013008056 -521.7883 333.9897
7.154901959985743 -620.61365 335.66797
6.522878745280337 -705.8802 635.07745
6.154901959985743 -470.51334 595.2703
1.154901959985743 -704.718 481.18646
1.0268721464003014 -639.60803 388.32645
1.0177287669604316 -600.4716 621.1285
175.15490195998575 -560.36597 -1392.5908
155.69897000433602 -697.97815 289.06406
151.52287874528034 -667.6844 796.56384
144.69897000433602 -770.2872 347.93286
116.0 -624.93964 453.34335
6.096910013008056 -549.0924 399.433
1.1487416512809248 -630.6585 265.76147
1.1079053973095196 -602.7048 543.9632
148.52287874528034 -512.24756 -1363.2268
142.04575749056067 -563.71045 -1393.3555
141.09691001300806 -499.3903 -1449.927
1.031517051446065 -757.2885 354.63666
178.0 -447.9396 -1278.8313
140.04575749056067 -614.1771 -1123.865
139.39794000867204 -709.67865 -1405.567
135.69897000433602 -492.5285 -1512.0271
133.0 -680.4619 529.2368
130.39794000867204 -705.5 284.42908
130.15490195998575 -723.982 427.86044
1.2218487496163564 -716.55023 453.88715
120.69897000433602 -524.41785 460.96603
119.69897000433602 -523.66223 297.71588
111.52287874528034 -762.7107 150.87328
110.52287874528034 -391.41895 364.2766
110.30102999566398 -537.81665 592.66223
110.04575749056067 -634.298 593.52637
97.39794000867204 -469.3078 474.48425
36.045757490560675 -583.1251 539.65454
32.52287874528034 -764.46545 362.72522
30.0 -677.5184 539.4921
21.096910013008056 -601.8599 514.911
15.045757490560675 -756.19226 355.08765
12.045757490560675 -739.2469 300.4341
11.154901959985743 -789.9435 513.7469
53.69897000433602 -623.71606 455.1067
53.30102999566398 -556.7403 429.6419
46.30102999566398 -319.55804 297.03244
26.0 -630.2231 358.34235
25.69897000433602 -551.49243 472.84
13.096910013008056 -532.2745 473.2501
11.397940008672037 -535.05853 595.0088
11.301029995663981 -733.6411 493.12424
10.698970004336019 -696.84576 606.83295
9.0 -758.0323 378.84644
8.397940008672037 -756.9494 464.79248
7.045757490560675 -624.04047 361.73065
1.0604807473813815 -465.7748 532.50494
103.39794000867204 -773.7002 499.78888
29.0 -805.16833 442.2384
19.0 -818.1177 513.32916
18.397940008672037 -599.10406 490.7058
17.154901959985743 -705.2572 429.6719
15.522878745280337 -718.0996 542.99207
12.154901959985743 -528.8746 450.26514
162.15490195998575 -731.48206 528.8552
162.09691001300806 -523.91675 554.0057
151.69897000433602 -569.3718 451.01407
163.52287874528034 -634.73444 -1327.1792
154.0 -317.42014 413.41904
153.52287874528034 -565.98553 329.60178
152.0 -513.52454 -1395.9714
127.04575749056067 -499.98032 430.2469
149.0 -778.1085 -156.602
144.09691001300806 -590.048 382.22577
129.09691001300806 -709.15704 489.91122
123.39794000867204 -765.65155 569.8962
120.30102999566398 -675.35693 629.75885
30.69897000433602 -695.18225 402.91254
27.221848749616356 -504.85623 181.21332
23.69897000433602 -505.9029 575.28357
23.522878745280337 -674.4453 274.92398
14.154901959985743 -565.2021 560.5628
13.301029995663981 -806.6238 400.43787
149.22184874961636 -685.5349 -1454.0779
145.39794000867204 -398.6517 -1143.0668
143.30102999566398 -513.8003 -1314.346
40.221848749616356 -776.80664 389.4522
43.096910013008056 -651.7252 340.70255
42.52287874528034 -737.00494 472.6625
41.69897000433602 -283.02362 604.02856
41.0 -600.7939 400.0024
57.15490195998574 -557.91754 595.55023
56.69897000433602 -477.60687 328.92487
48.39794000867204 -471.2373 576.6479
47.69897000433602 -538.4997 357.72192
46.15490195998574 -813.8571 551.9308
38.221848749616356 -521.2326 444.91043
37.045757490560675 -453.58704 386.40475
36.0 -777.07434 573.1518
33.0 -737.1577 322.2533
32.69897000433602 -620.5231 434.22668
30.045757490560675 -629.3022 560.7981
27.397940008672037 -548.4444 401.83133
27.045757490560675 -458.34204 600.921
26.096910013008056 -534.806 538.304
7.3979400086720375 -565.5495 370.93784
56.096910013008056 -608.8287 350.86865
56.0 -706.9464 400.54105
11.0 -606.23724 347.45142
1.0861861476162833 -715.2261 331.99527
174.04575749056067 -435.66867 -1232.734
172.22184874961636 -732.4385 -1580.522
169.22184874961636 -585.8623 -1501.3333
160.22184874961636 -706.7044 -1334.9738
121.22184874961636 -602.0556 526.5231
92.04575749056067 -537.81793 313.74002
91.04575749056067 -537.1015 566.1791
89.15490195998575 -486.6739 416.78006
45.39794000867204 -635.97925 278.4679
45.0 -570.9693 474.74072
44.69897000433602 -574.9626 424.6004
20.30102999566398 -558.90576 363.1415
18.522878745280337 -543.2266 475.0442
16.096910013008056 -599.005 381.12988
10.221848749616356 -611.88715 306.76785
9.045757490560675 -804.30396 194.79483
142.15490195998575 -539.98505 405.43414
134.39794000867204 -663.65796 367.2646
134.30102999566398 -784.167 404.20013
132.0 -673.55786 386.75867
31.0 -856.35443 524.4535
21.397940008672037 -573.7626 864.2447
19.69897000433602 -640.47906 434.9376
19.30102999566398 -835.50543 538.1892
15.397940008672037 -569.72894 569.6213
14.0 -523.2842 506.10693
13.522878745280337 -505.18762 378.2579
13.221848749616356 -626.7413 532.76086
160.69897000433602 -280.0518 -1444.1392
179.30102999566398 -566.29816 -1327.3839
169.15490195998575 -525.0843 441.85327
162.69897000433602 -620.1326 546.9404
154.30102999566398 -594.87585 370.47162
120.0 -711.31616 358.13766
173.15490195998575 -743.6299 -1408.8934
159.04575749056067 -410.81146 -1079.377
127.52287874528034 -571.35785 354.85553
126.69897000433602 -704.8778 588.71234
126.30102999566398 -734.6183 560.2916
120.52287874528034 -535.30206 595.3932
111.30102999566398 -535.7656 375.88943
44.0 -715.238 271.97183
1.0087739243075051 -739.9757 461.49936
178.04575749056067 -589.139 -1487.0929
166.09691001300806 -656.1837 -1307.5677
125.09691001300806 -879.7195 -1283.8373
124.30102999566398 -491.81177 449.99237
120.39794000867204 -282.52066 -1364.6108
58.221848749616356 -529.98785 388.40182
58.0 -786.0623 425.3034
9.397940008672037 -449.00934 642.3255
9.096910013008056 -442.007 427.2299
1.080921907623926 -702.6608 632.8997
152.39794000867204 -612.67786 693.91077
148.09691001300806 -671.50824 -1467.8468
142.52287874528034 -685.0128 -1336.2559
8.045757490560675 -456.32874 -1383.4961
175.09691001300806 -555.06 -1455.7318
140.15490195998575 -486.8532 -1490.9775
136.52287874528034 -709.5301 -1424.408
135.22184874961636 -640.5767 345.27542
135.0 -608.30676 -839.67395
175.69897000433602 -532.2488 -1289.9849
174.30102999566398 -488.61557 -1480.0891
137.30102999566398 -659.7412 324.7486
136.69897000433602 -597.70276 504.21344
134.69897000433602 -522.0836 528.1025
133.69897000433602 -726.01465 435.09406
132.04575749056067 -852.8549 687.7778
148.39794000867204 -594.4236 284.6246
140.69897000433602 -611.1047 -1348.1497
140.30102999566398 -718.3146 -1360.4663
140.22184874961636 -648.1798 -1524.8926
136.15490195998575 -570.57196 392.51178
135.30102999566398 -486.05746 -1396.1516
135.04575749056067 -701.4087 513.7989
134.52287874528034 -715.9352 -1525.7358
133.22184874961636 -593.56415 448.49948
132.69897000433602 -717.53845 568.188
132.52287874528034 -645.8845 355.79254
132.39794000867204 -580.6989 465.25452
131.30102999566398 -553.6007 446.43378
131.22184874961636 -612.1507 456.13065
131.15490195998575 -677.7865 577.2166
130.22184874961636 -544.02594 480.6811
129.39794000867204 -593.74915 434.0463
129.22184874961636 -534.27954 362.88202
128.52287874528034 -879.4483 609.9403
127.09691001300806 -588.6997 498.86966
127.0 -753.7168 319.54364
126.22184874961636 -732.39685 -885.97644
125.69897000433602 -580.2036 792.28906
125.0 -583.9127 583.72955
124.22184874961636 -616.3744 536.36633
121.0 -655.10864 327.47604
120.22184874961636 -695.97644 314.73743
118.69897000433602 -725.897 -1300.5872
118.52287874528034 -696.6616 587.25336
117.69897000433602 -727.25964 790.4471
117.0 -582.5329 467.76013
116.52287874528034 -554.0447 496.4244
116.39794000867204 -616.40564 403.65707
116.09691001300806 -600.2709 491.36768
113.15490195998575 -766.3374 423.45657
108.52287874528034 -617.95905 510.9193
105.22184874961636 -730.6411 481.69894
139.09691001300806 -794.37714 -1366.2319
136.04575749056067 -565.03735 -1284.2898
131.69897000433602 -364.98206 666.1799
130.09691001300806 -770.2351 634.118
126.15490195998575 -731.67 485.956
125.15490195998575 -667.9227 314.7426
124.52287874528034 -492.1475 355.9535
123.52287874528034 -556.6103 575.32697
123.15490195998575 -379.83627 -1354.8501
122.52287874528034 -687.54425 292.98752
121.30102999566398 -688.32733 539.5097
119.52287874528034 -517.41156 452.26227
117.52287874528034 -521.3824 654.63715
114.15490195998575 -590.0782 595.3979
114.04575749056067 -613.85815 342.02634
114.0 -548.6134 331.6662
113.69897000433602 -510.87854 368.36362
113.22184874961636 -779.2909 518.9769
113.0 -758.18726 299.6252
111.69897000433602 -438.9499 -1385.4697
110.0 -565.75104 456.30566
98.69897000433602 -714.4345 389.3244
98.09691001300806 -669.8444 383.36514
0.13076828026902382 -784.3434 468.89777
144.52287874528034 -663.1577 357.05957
136.30102999566398 -561.52167 -1204.0604
136.22184874961636 -658.4918 -1344.5767
135.52287874528034 -656.7591 404.5699
135.15490195998575 -692.49915 451.80774
134.22184874961636 -571.5775 394.89227
134.15490195998575 -523.1818 -1246.7527
130.52287874528034 -966.63904 554.9525
126.04575749056067 -570.692 510.78107
125.22184874961636 -549.12463 500.20737
122.30102999566398 -574.4614 388.91354
122.04575749056067 -619.6792 443.1364
119.39794000867204 -518.64 353.67383
119.22184874961636 -551.9778 494.78308
114.30102999566398 -694.23267 453.06656
109.30102999566398 -635.1217 -1230.6436
103.0 -567.95276 510.9277
102.15490195998575 -577.7824 550.6828
178.22184874961636 -606.4159 -1529.5583
37.0 -564.9566 446.9239
33.52287874528034 -535.11725 316.1452
8.301029995663981 -725.05774 406.6359
105.52287874528034 -796.25793 375.49838
33.045757490560675 -493.24994 355.0213
26.30102999566398 -613.9722 634.72345
17.096910013008056 -440.0094 421.54282
16.221848749616356 -593.3165 526.8203
12.698970004336019 -670.6705 559.1677
125.30102999566398 -555.5213 -1740.8014
123.04575749056067 -711.48615 -1364.0884
179.04575749056067 -573.0186 -1460.5836
161.15490195998575 -691.9565 -1227.9951
141.39794000867204 -666.7685 -1392.08
174.22184874961636 -625.0623 -1509.5685
94.52287874528034 -687.0072 560.85394
86.52287874528034 -502.20978 597.44104
86.0 -629.5193 533.5927
84.0 -694.12683 354.04007
44.30102999566398 -627.964 526.5309
21.522878745280337 -691.4562 533.334
20.522878745280337 -772.2061 514.9761
17.522878745280337 -613.275 445.2304
17.30102999566398 -433.60358 394.57623
90.0 -687.69293 605.21173
85.30102999566398 -592.10443 555.90784
38.045757490560675 -548.09467 506.0706
37.39794000867204 -696.52106 575.69855
27.30102999566398 -729.18713 323.9937
26.522878745280337 -673.4551 533.6508
25.154901959985743 -800.879 531.4065
23.221848749616356 -541.01263 624.47266
23.045757490560675 -724.0136 304.98413
12.221848749616356 -672.25165 594.9438
160.39794000867204 -558.6917 -1499.1614
156.30102999566398 -386.94635 -1518.087
9.301029995663981 -825.59625 527.8643
168.04575749056067 -703.5768 -1338.4314
160.30102999566398 -645.2611 -1525.7867
160.04575749056067 -284.98325 -1281.4583
159.22184874961636 -613.58075 -1244.6685
156.39794000867204 -749.21594 -1522.1382
109.69897000433602 -606.4884 239.52812
108.39794000867204 -590.38354 -1294.2175
137.09691001300806 -879.7158 -1189.6398
137.04575749056067 -661.50854 -1333.3677
123.22184874961636 -744.4198 412.60968
85.0 -576.296 514.83905
82.09691001300806 -460.35944 531.4191
81.69897000433602 -496.18842 502.66785
80.09691001300806 -811.78906 687.1093
50.39794000867204 -629.8427 570.29266
49.69897000433602 -714.74133 559.69617
49.52287874528034 -785.4041 319.03143
22.221848749616356 -539.3024 354.99905
21.221848749616356 -567.9324 291.9013
7.096910013008056 -489.5174 392.9162
173.22184874961636 -533.5884 -1486.2682
123.30102999566398 -646.2479 -1535.9324
119.0 -557.52515 368.96146
61.39794000867204 -574.2057 450.12662
60.69897000433602 -614.40173 460.0519
26.397940008672037 -524.5162 287.861
15.096910013008056 -670.28076 585.76495
167.04575749056067 -696.3895 652.23376
142.0 -672.62537 -1442.6816
139.0 -757.03174 -1326.7079
143.15490195998575 -412.42935 -1380.3159
137.39794000867204 -803.5483 -1601.7891
62.045757490560675 -969.49774 338.23517
61.045757490560675 -570.2647 576.8806
57.39794000867204 -693.34546 374.14496
48.69897000433602 -650.1621 281.38068
40.30102999566398 -719.3468 582.1285
36.69897000433602 -467.09222 289.88998
35.69897000433602 -794.0668 558.59845
29.522878745280337 -811.61304 445.80304
26.69897000433602 -713.6229 375.80267
25.522878745280337 -613.59894 303.3138
8.154901959985743 -591.34973 434.58664
139.30102999566398 -484.68658 -1366.0845
132.22184874961636 -354.24042 -1244.6952
176.22184874961636 -676.2115 -1536.5383
153.04575749056067 -693.62616 -1230.5085
153.30102999566398 -869.21313 420.6411
147.52287874528034 -754.0919 555.14246
146.52287874528034 -821.4121 488.97293
58.15490195998574 -575.4371 532.07336
57.221848749616356 -405.56827 421.1344
48.096910013008056 -779.75946 364.2786
47.096910013008056 -443.41742 486.2813
45.69897000433602 -603.0366 416.76254
42.30102999566398 -564.9261 337.3686
39.52287874528034 -702.55365 560.24207
36.15490195998574 -535.3632 578.913
35.0 -818.10126 359.01483
28.69897000433602 -502.6398 252.59161
177.04575749056067 -565.9393 531.3358
138.52287874528034 -480.88193 -1463.4556
138.15490195998575 -566.4521 -1569.9631
131.04575749056067 -461.69244 -1352.4926
174.09691001300806 -525.7665 -1269.4292
155.30102999566398 -944.9852 -1318.002
116.69897000433602 -523.9646 431.26044
109.22184874961636 -442.78333 -1219.1891
173.09691001300806 -505.33844 455.96527
170.15490195998575 -514.91504 582.3217
167.22184874961636 -609.0199 271.24823
166.22184874961636 -732.678 357.4536
163.09691001300806 -565.42224 413.638
159.15490195998575 -772.01324 485.70062
155.39794000867204 -504.6057 -1286.7092
122.39794000867204 -806.76404 448.50845
118.39794000867204 -666.839 430.15683
135.09691001300806 -699.5814 515.25415
158.15490195998575 -680.59265 -1245.1974
154.39794000867204 -717.69073 -1332.3993
114.52287874528034 -484.03806 -1313.4456
112.30102999566398 -644.47 -1284.9547
165.04575749056067 -568.95575 -1342.145
118.15490195998575 -777.906 353.06458
127.39794000867204 -492.36 392.33487
141.04575749056067 -445.5561 -1323.7092
139.22184874961636 -675.3102 -1203.9894
139.15490195998575 -531.6073 -1333.1215
142.30102999566398 -720.7513 496.2784
36.221848749616356 -685.17065 630.8358
9.154901959985743 -727.9797 501.9804
39.221848749616356 -763.4105 550.8128
39.15490195998574 -609.8009 635.3565
39.096910013008056 -802.1482 606.1986
41.096910013008056 -805.6066 758.38184
41.045757490560675 -600.4697 309.25742
39.30102999566398 -595.32477 370.25723
163.30102999566398 -456.0783 -1304.3523
161.04575749056067 -638.0826 424.26376
150.52287874528034 -576.79755 425.99445
146.22184874961636 -479.84045 -893.8258
116.22184874961636 -714.07465 450.53918
156.22184874961636 -525.36304 -1406.1456
128.22184874961636 -661.2316 -1418.7905
42.096910013008056 -637.8257 530.429
42.045757490560675 -727.45544 379.41882
30.397940008672037 -443.47308 447.7356
58.30102999566398 -655.2201 380.8035
164.15490195998575 -648.98676 -1370.3225
133.15490195998575 -597.73987 357.9756
130.04575749056067 -553.3218 293.1352
121.52287874528034 -911.0324 -1444.2766
116.30102999566398 -699.03284 589.0289
157.09691001300806 -461.8564 734.2589
151.39794000867204 -551.964 552.2042
42.69897000433602 -676.14307 362.12653
42.15490195998574 -600.2914 508.01358
41.52287874528034 -527.54376 545.622
43.30102999566398 -706.16486 521.3319
159.30102999566398 -474.98907 530.9293
154.04575749056067 -554.678 539.46405
159.09691001300806 -662.59064 598.98627
145.52287874528034 -610.3478 -1314.0708
145.22184874961636 -726.8335 -1397.3843
108.15490195998575 -561.8728 533.11725
94.30102999566398 -493.2925 458.2162
88.69897000433602 -827.5927 598.55383
87.69897000433602 -467.86404 695.1118
87.04575749056067 -499.13455 520.6145
40.0 -471.67038 526.448
39.0 -695.5909 555.5392
24.154901959985743 -650.22925 400.22955
21.0 -734.61884 432.01367
14.301029995663981 -889.97595 376.0279
148.69897000433602 -599.5958 416.11905
138.30102999566398 -629.7981 618.24335
133.39794000867204 -745.65826 384.3949
128.09691001300806 -552.00696 497.48898
124.09691001300806 -645.7867 381.06036
121.15490195998575 -570.09265 511.72046
119.30102999566398 -738.9202 569.5499
115.52287874528034 -698.6691 433.2147
113.52287874528034 -664.4739 340.33105
109.15490195998575 -651.2506 635.15283
106.0 -796.7009 465.60272
176.04575749056067 -478.17242 -1295.8711
164.04575749056067 -359.57935 -1564.9371
127.30102999566398 -553.79535 -1430.9724
143.09691001300806 -745.66614 -1237.5009
33.39794000867204 -579.30066 633.35864
25.096910013008056 -741.1449 411.83286
145.04575749056067 -503.4464 -1360.0906
140.39794000867204 -630.46765 -1330.0536
139.52287874528034 -633.7763 -1728.1157
138.69897000433602 -801.3034 -1393.5997
112.22184874961636 -805.9949 449.47507
10.301029995663981 -531.6228 436.73285
39.39794000867204 -705.52057 364.21024
160.09691001300806 -584.90906 -1233.6313
156.04575749056067 -707.4539 -1380.1882
84.69897000433602 -674.91095 612.6318
83.30102999566398 -570.25476 584.0952
80.39794000867204 -682.2531 641.2473
78.69897000433602 -472.20215 359.64276
50.52287874528034 -599.92395 418.48438
22.0 -654.23975 602.88916
20.096910013008056 -728.9348 401.89072
14.045757490560675 -483.64987 588.281
8.096910013008056 -414.9406 434.69055
144.22184874961636 -597.9826 -1478.9484
137.15490195998575 -585.71387 -1353.5903
97.22184874961636 -884.5574 445.35016
13.154901959985743 -542.2175 364.9783
35.39794000867204 -698.6724 434.52466
30.154901959985743 -679.3088 712.09216
29.69897000433602 -645.1307 367.99475
28.221848749616356 -771.7765 596.75806
24.69897000433602 -482.177 554.3171
128.39794000867204 -450.42822 478.8487
127.22184874961636 -491.27597 543.32654
154.69897000433602 -436.407 -1490.6727
153.15490195998575 -644.1184 175.03522
152.52287874528034 -624.9467 524.67615
151.30102999566398 -408.32123 722.9313
151.22184874961636 -642.43195 329.67563
149.52287874528034 -681.5933 262.52448
149.30102999566398 -797.61365 523.1151
150.39794000867204 -649.05206 -1258.7639
156.15490195998575 -721.25977 484.84686
140.52287874528034 -538.37396 -1298.8013
97.04575749056067 -768.27185 514.6885
90.30102999566398 -806.7736 415.81177
89.52287874528034 -902.40857 533.91595
89.0 -571.9498 382.27765
20.221848749616356 -645.1775 434.61472
38.30102999566398 -591.20355 441.66187
34.096910013008056 -598.60443 462.09485
141.15490195998575 -615.75104 434.7089
136.39794000867204 -472.77948 629.73486
118.30102999566398 -956.6102 607.37317
117.22184874961636 -506.3194 377.79065
117.09691001300806 -592.25464 557.73267
110.39794000867204 -805.362 311.9016
107.22184874961636 -516.7832 517.18604
101.04575749056067 -840.0958 429.02188
100.30102999566398 -555.86346 350.48822
175.04575749056067 -570.26 -1061.746
124.15490195998575 -672.42004 330.04794
122.09691001300806 -608.44867 -1242.439
102.52287874528034 -709.0618 578.2113
70.69897000433602 -735.46594 363.83914
36.30102999566398 -490.89673 455.28967
35.30102999566398 -449.15204 588.9654
35.045757490560675 -491.39114 605.6741
34.39794000867204 -648.12006 388.3844
34.30102999566398 -616.40753 511.1236
34.221848749616356 -504.12012 98.427185
33.221848749616356 -510.34747 392.74384
31.221848749616356 -970.83325 471.88678
28.045757490560675 -775.8237 552.01996
77.69897000433602 -679.74036 388.02832
30.096910013008056 -575.754 507.9588
29.221848749616356 -751.8039 390.84174
29.154901959985743 -691.9227 434.93445
29.096910013008056 -583.0189 463.67862
28.154901959985743 -750.1576 395.0136
16.397940008672037 -646.0764 666.94226
112.09691001300806 -717.5553 331.23206
105.39794000867204 -494.24176 582.5809
25.045757490560675 -444.6397 498.22046
23.154901959985743 -443.32672 418.2876
16.045757490560675 -465.63644 404.09225
85.22184874961636 -634.8142 427.6694
23.30102999566398 -448.32434 553.1313
18.045757490560675 -652.6023 379.76932
8.221848749616356 -499.47485 435.12573
159.39794000867204 -876.15784 -1485.2855
130.30102999566398 -467.68182 -1326.0924
43.221848749616356 -444.98413 482.66464
42.221848749616356 -652.43005 581.26105
121.39794000867204 -688.29376 -1287.2723
66.22184874961636 -654.8716 330.2165
59.045757490560675 -573.08606 562.32886
20.154901959985743 -861.24097 171.47699
95.39794000867204 -530.43756 380.84918
30.522878745280337 -473.9959 602.1203
34.0 -493.42694 609.3318
114.22184874961636 -780.31274 445.4346
113.09691001300806 -839.2302 307.60565
111.22184874961636 -381.99237 211.42381
52.69897000433602 -510.3911 379.0675
23.397940008672037 -603.03723 320.72076
11.096910013008056 -592.4027 316.2823
125.52287874528034 -422.07492 500.58405
83.52287874528034 -538.0482 530.2856
79.69897000433602 -769.8797 390.12805
78.09691001300806 -740.6771 664.58997
49.096910013008056 -532.6447 598.5321
18.221848749616356 -604.8864 521.55853
41.30102999566398 -458.50446 351.97513
41.221848749616356 -693.82434 312.19058
112.04575749056067 -686.66046 344.81235
107.0 -814.7912 441.79474
148.30102999566398 -702.9431 366.7389
129.69897000433602 -550.2689 390.1123
119.09691001300806 -750.3089 419.05045
118.22184874961636 -557.5616 414.90414
108.09691001300806 -660.4226 360.3283
105.0 -625.9514 674.7454
104.09691001300806 -565.2944 616.6779
84.09691001300806 -822.41003 390.48938
84.04575749056067 -704.71985 633.5304
13.045757490560675 -680.56604 516.7944
154.15490195998575 -730.5791 -1332.8053
147.22184874961636 -355.55862 -1608.686
164.22184874961636 -527.08594 -1436.0912
89.69897000433602 -800.2678 423.923
26.045757490560675 -684.7311 349.68896
25.397940008672037 -600.6889 313.99982
22.30102999566398 -443.39642 480.25375
22.154901959985743 -570.9445 450.5797
21.154901959985743 -474.36276 428.45844
125.39794000867204 -679.72253 -1313.6823
122.15490195998575 -639.7633 -1555.1714
172.09691001300806 -588.98376 450.36588
157.22184874961636 -670.9427 402.02267
107.39794000867204 -600.1556 427.28867
147.04575749056067 -508.17322 -1369.745
141.22184874961636 -563.89056 -1308.5582
121.09691001300806 -584.2727 -1549.214
120.15490195998575 -492.0256 -1448.6216
132.15490195998575 -848.523 -1582.7322
43.0 -551.1211 558.9242
42.39794000867204 -655.4797 355.13882
41.39794000867204 -583.292 600.3926
